DATA/HARM750/wind130m_forecast_202202170000_HARM750_WFP_DT.json
{"header": {"parameterCategory": 2, "parameterNumber": 2, "lo1": 1.2152522500000003, "la1": 53.22887826, "dx": 0.06299999999999972, "dy": 0.06300000000000239, "nx": 54, "ny": 52, "refTime": "2022-02-17T00:00:00.000000000"}, "data":
[rows 19 to 37 of 52, columns 0 to 42 of 54]
18.955015182495117,18.63421630859375,18.245054244995117,19.113204956054688,18.922882080078125,19.27264976501465,19.615161895751953,19.99531364440918,20.39776611328125,20.804758071899414,21.232088088989258,21.689603805541992,22.084632873535156,22.350631713867188,22.490203857421875,22.514036178588867,22.427270889282227,22.302173614501953,22.248462677001953,22.295068740844727,22.37788200378418,22.46105194091797,22.541706085205078,22.587913513183594,22.558408737182617,22.476930618286133,22.37665557861328,22.262706756591797,22.112098693847656,21.99852752685547,21.994251251220703,22.081857681274414,22.173954010009766,22.22356605529785,22.2104434967041,22.127214431762695,22.028032302856445,21.99587631225586,22.056015014648438,22.21872901916504,22.447813034057617,22.713924407958984,22.88727569580078
18.143096923828125,17.969181060791016,18.96474838256836,18.74838638305664,19.0855712890625,19.392114639282227,19.69270896911621,19.998838424682617,20.308456420898438,20.644126892089844,21.01706886291504,21.401254653930664,21.701499938964844,21.859264373779297,21.893775939941406,21.84778594970703,21.779571533203125,21.737388610839844,21.77470588684082,21.888275146484375,22.02292251586914,22.129867553710938,22.191974639892578,22.1859073638916,22.116193771362305,22.01715850830078,21.927001953125,21.863468170166016,21.86196517944336,21.95325469970703,22.091312408447266,22.197946548461914,22.211746215820312,22.153968811035156,22.04625129699707,21.911556243896484,21.78653335571289,21.740909576416016,21.81734275817871,22.02785301208496,22.337745666503906,22.63869285583496,22.750465393066406
18.112180709838867,18.331819534301758,18.77442741394043,19.155611038208008,19.488582611083984,19.76678466796875,19.980234146118164,20.118518829345703,20.24199104309082,20.41944122314453,20.63892936706543,20.857465744018555,21.019020080566406,21.108877182006836,21.12318992614746,21.10592269897461,21.107704162597656,21.149219512939453,21.241168975830078,21.380634307861328,21.531946182250977,21.638526916503906,21.668201446533203,21.628843307495117,21.549142837524414,21.476106643676758,21.461816787719727,21.526947021484375,21.65745735168457,21.797988891601562,21.89922332763672,21.98061180114746,22.054386138916016,22.097944259643555,22.055858612060547,21.949661254882812,21.838253021240234,21.799972534179688,21.900699615478516,22.14275550842285,22.45354652404785,22.67489242553711,22.668563842773438
19.423097610473633,19.15760612487793,19.464624404907227,19.75136947631836,19.991466522216797,20.154539108276367,20.240894317626953,20.278297424316406,20.336444854736328,20.42205047607422,20.504425048828125,20.571508407592773,20.649227142333984,20.738887786865234,20.805030822753906,20.85500717163086,20.92588996887207,21.032114028930664,21.1539306640625,21.26967430114746,21.358749389648438,21.372608184814453,21.325023651123047,21.274681091308594,21.273338317871094,21.296525955200195,21.34168815612793,21.426645278930664,21.544740676879883,21.65266990661621,21.75478172302246,21.8817081451416,22.009693145751953,22.05338478088379,22.011173248291016,21.995986938476562,22.05166244506836,22.162158966064453,22.300495147705078,22.460168838500977,22.593576431274414,22.60799789428711,22.454689025878906
19.790897369384766,19.993717193603516,20.170936584472656,20.32568359375,20.427194595336914,20.51848602294922,20.604415893554688,20.668659210205078,20.687713623046875,20.678787231445312,20.673738479614258,20.706180572509766,20.787288665771484,20.883146286010742,20.963499069213867,21.04960060119629,21.162498474121094,21.282363891601562,21.354555130004883,21.380596160888672,21.381256103515625,21.362157821655273,21.326934814453125,21.317808151245117,21.356359481811523,21.40407371520996,21.44843292236328,21.508358001708984,21.579252243041992,21.615873336791992,21.640758514404297,21.69832992553711,21.797040939331055,21.905555725097656,22.047574996948242,22.24380874633789,22.41958999633789,22.491296768188477,22.484230041503906,22.460065841674805,22.38068962097168,22.176862716674805,21.828657150268555
20.33944320678711,20.47736930847168,20.545639038085938,20.58753204345703,20.64723014831543,20.766868591308594,20.915016174316406,21.038745880126953,21.086511611938477,21.115623474121094,21.144046783447266,21.17671775817871,21.199586868286133,21.232227325439453,21.297130584716797,21.385652542114258,21.47294044494629,21.525632858276367,21.51887321472168,21.483909606933594,21.448974609375,21.43370246887207,21.43108367919922,21.46601676940918,21.54642677307129,21.642126083374023,21.71258544921875,21.748750686645508,21.743627548217773,21.693172454833984,21.641557693481445,21.67263412475586,21.79434585571289,21.97494888305664,22.16861343383789,22.318723678588867,22.35719871520996,22.286787033081055,22.184492111206055,22.04806900024414,21.94896697998047,21.409208297729492,20.95804786682129
20.509891510009766,20.646055221557617,20.723491668701172,20.822343826293945,20.941225051879883,21.079856872558594,21.245519638061523,21.415246963500977,21.538185119628906,21.62481689453125,21.665239334106445,21.64537239074707,21.586437225341797,21.577970504760742,21.626256942749023,21.681020736694336,21.703960418701172,21.724681854248047,21.747779846191406,21.755292892456055,21.740793228149414,21.737104415893555,21.774301528930664,21.85464096069336,21.9627742767334,22.059764862060547,22.09857749938965,22.080904006958008,22.024024963378906,21.96537208557129,21.96662139892578,22.045053482055664,22.157733917236328,22.247255325317383,22.283588409423828,22.265222549438477,22.170103073120117,21.986021041870117,21.720060348510742,21.392898559570312,21.035795211791992,20.684579849243164,20.424089431762695
20.67824935913086,20.846242904663086,20.961181640625,21.093351364135742,21.223716735839844,21.367876052856445,21.57577133178711,21.802030563354492,21.946882247924805,22.000385284423828,22.021238327026367,22.03715705871582,22.05255699157715,22.096935272216797,22.158666610717773,22.216949462890625,22.264938354492188,22.35211753845215,22.438615798950195,22.49053192138672,22.508811950683594,22.555191040039062,22.635204315185547,22.719392776489258,22.775606155395508,22.79166030883789,22.769969940185547,22.74248504638672,22.719188690185547,22.693410873413086,22.690967559814453,22.750078201293945,22.832962036132812,22.865982055664062,22.79425048828125,22.61716651916504,22.281633377075195,21.827959060668945,21.388025283813477,20.941543579101562,20.653911590576172,20.526500701904297,20.513755798339844
20.838926315307617,20.911909103393555,20.97553062438965,21.100357055664062,21.24163055419922,21.41119956970215,21.646257400512695,21.878591537475586,22.02077293395996,22.121164321899414,22.263076782226562,22.415037155151367,22.53890037536621,22.663272857666016,22.835590362548828,23.029138565063477,23.20728302001953,23.3704833984375,23.48173713684082,23.549076080322266,23.612354278564453,23.68922233581543,23.728647232055664,23.724775314331055,23.719717025756836,23.721406936645508,23.667781829833984,23.586877822875977,23.53371238708496,23.53200340270996,23.551729202270508,23.611648559570312,23.667686462402344,23.632144927978516,23.419994354248047,23.046602249145508,22.537534713745117,21.965883255004883,21.430688858032227,21.067167282104492,20.884658813476562,20.747926712036133,20.790000915527344
20.148000717163086,20.1120548248291,20.174442291259766,20.348154067993164,20.554956436157227,20.777528762817383,21.013965606689453,21.219341278076172,21.378150939941406,21.559961318969727,21.79417610168457,22.041057586669922,22.298385620117188,22.616182327270508,22.96111488342285,23.23984718322754,23.42302131652832,23.567455291748047,23.6965389251709,23.79608726501465,23.88713264465332,23.971004486083984,24.02289581298828,24.05910873413086,24.105348587036133,24.13730812072754,24.079832077026367,23.970449447631836,23.90121841430664,23.878679275512695,23.86664581298828,23.87890625,23.888202667236328,23.811180114746094,23.59315299987793,23.277334213256836,22.873619079589844,22.40427589416504,21.882444381713867,21.4676456451416,21.141433715820312,20.916643142700195,20.882429122924805
18.30220603942871,18.320920944213867,18.4812068939209,18.711328506469727,18.96259117126465,19.265514373779297,19.540908813476562,19.743480682373047,19.900550842285156,20.088350296020508,20.33060646057129,20.61482810974121,20.93994140625,21.314685821533203,21.662933349609375,21.909563064575195,22.073993682861328,22.210891723632812,22.32343864440918,22.406951904296875,22.527467727661133,22.709449768066406,22.92266273498535,23.116512298583984,23.287851333618164,23.4193115234375,23.468626022338867,23.461000442504883,23.431598663330078,23.3765926361084,23.27978515625,23.197010040283203,23.14788818359375,23.093547821044922,22.970338821411133,22.769573211669922,22.520631790161133,22.197662353515625,21.795501708984375,21.454227447509766,21.18108367919922,20.902507781982422,20.711776733398438
15.950645446777344,16.468368530273438,17.499223709106445,17.991220474243164,17.415752410888672,17.791624069213867,18.019834518432617,18.11027717590332,18.138090133666992,18.179563522338867,18.301227569580078,18.510271072387695,18.77713394165039,19.032377243041992,19.2375545501709,19.408349990844727,19.575891494750977,19.736631393432617,19.888086318969727,20.04722023010254,20.280132293701172,20.614604949951172,20.99766731262207,21.353843688964844,21.64540672302246,21.865768432617188,22.024372100830078,22.08671760559082,22.06211280822754,21.962047576904297,21.857563018798828,21.79030990600586,21.832767486572266,21.772602081298828,21.584808349609375,21.507614135742188,21.44910430908203,21.357770919799805,21.241722106933594,21.07552719116211,20.867631912231445,20.50998878479004,20.106779098510742
14.73542594909668,15.475784301757812,15.662824630737305,16.231874465942383,16.814773559570312,17.135116577148438,17.248456954956055,17.272199630737305,17.269290924072266,17.234460830688477,17.215913772583008,17.284481048583984,17.419414520263672,17.55288314819336,17.70025062561035,17.867700576782227,18.000547409057617,18.11330795288086,18.29871940612793,18.600496292114258,18.958446502685547,19.310665130615234,19.61920166015625,19.908246994018555,20.156461715698242,20.347332000732422,20.44659996032715,20.46866226196289,20.4686336517334,20.649248123168945,20.400291442871094,20.342844009399414,20.2716007232666,20.182044982910156,20.076536178588867,20.083938598632812,20.151260375976562,20.196945190429688,20.204227447509766,20.185964584350586,20.089994430541992,19.90342903137207,19.772964477539062
17.195486068725586,17.23250961303711,17.34994888305664,17.111818313598633,17.55522346496582,17.836345672607422,17.976856231689453,18.05277442932129,18.08721160888672,18.047183990478516,18.020633697509766,18.081745147705078,18.180614471435547,18.24521827697754,18.320329666137695,18.42608642578125,18.541614532470703,18.683759689331055,18.92978286743164,19.18951416015625,19.351709365844727,19.434263229370117,19.48848533630371,19.483463287353516,19.36898422241211,19.213294982910156,19.103656768798828,19.158424377441406,19.10382843017578,19.083438873291016,19.129619598388672,19.197526931762695,19.341230392456055,19.30442237854004,19.30879783630371,19.38581085205078,19.27625846862793,19.348587036132812,19.489566802978516,19.62932777404785,19.669755935668945,19.666303634643555,19.51267433166504
20.57737922668457,19.880258560180664,20.954864501953125,18.614334106445312,19.097640991210938,19.40151023864746,19.630352020263672,19.83753776550293,20.023305892944336,20.17994499206543,20.353736877441406,20.526762008666992,20.618562698364258,20.622879028320312,20.645048141479492,20.666406631469727,20.642967224121094,20.620336532592773,20.650901794433594,20.632219314575195,20.479175567626953,20.23068618774414,19.91802406311035,19.469141006469727,19.076019287109375,18.470205307006836,18.167842864990234,17.997995376586914,17.987167358398438,18.120723724365234,18.71441650390625,18.579875946044922,18.749479293823242,18.749897003173828,18.960857391357422,19.16925811767578,19.635984420776367,19.11754608154297,19.21761131286621,19.223899841308594,19.282390594482422,19.37476348876953,19.344533920288086
18.236705780029297,19.125789642333984,19.757919311523438,20.207304000854492,20.572298049926758,20.918718338012695,21.233884811401367,21.571664810180664,21.925893783569336,22.26592254638672,22.550403594970703,22.718528747558594,22.73326301574707,22.638242721557617,22.521892547607422,22.31791877746582,22.03037452697754,21.717933654785156,21.45025634765625,21.137929916381836,20.730323791503906,20.312583923339844,19.875547409057617,18.986169815063477,18.30071258544922,17.827495574951172,17.49553108215332,17.435991287231445,17.660741806030273,18.581260681152344,18.630496978759766,18.392480850219727,18.483165740966797,18.750383377075195,19.055028915405273,18.92266082763672,18.864072799682617,18.838491439819336,18.82261848449707,18.780731201171875,18.802812576293945,18.821687698364258,18.794694900512695
20.19620704650879,20.6010799407959,20.920692443847656,21.226173400878906,21.5745906829834,21.881437301635742,22.14356231689453,22.43077278137207,22.703529357910156,22.897727966308594,23.016559600830078,23.07664680480957,23.013648986816406,22.7788143157959,22.39551544189453,21.941041946411133,21.44725227355957,21.036426544189453,20.494831085205078,19.919387817382812,19.363964080810547,18.855201721191406,18.43897819519043,18.079612731933594,17.653846740722656,17.34030532836914,17.18526840209961,17.258243560791016,17.103801727294922,17.40091896057129,17.800161361694336,18.26089096069336,18.72720718383789,18.686996459960938,18.47652816772461,18.61013412475586,18.480093002319336,18.42241668701172,18.270660400390625,18.094436645507812,17.93987464904785,17.760513305664062,17.555395126342773
21.073528289794922,21.385845184326172,21.663549423217773,21.948041915893555,22.21755027770996,22.39336395263672,22.4102725982666,22.323871612548828,22.179597854614258,22.003366470336914,21.97914695739746,21.755126953125,21.475950241088867,21.127986907958984,20.668071746826172,20.136375427246094,19.539836883544922,18.922771453857422,18.39580726623535,17.91312026977539,17.701391220092773,17.39757537841797,17.5190486907959,17.26017951965332,17.000131607055664,16.99112319946289,17.16997528076172,17.63422966003418,17.928468704223633,17.99567222595215,17.788938522338867,17.745237350463867,17.92275619506836,17.69967269897461,17.64287567138672,17.514812469482422,17.518259048461914,17.509979248046875,17.218013763427734,16.81397819519043,17.33266830444336,17.564943313598633,16.95124626159668
21.76427459716797,22.0580997467041,22.36370849609375,22.650596618652344,22.80150032043457,22.668319702148438,22.251516342163086,21.65195655822754,24.94439697265625,22.231430053710938,19.870929718017578,19.30624008178711,19.138124465942383,18.817155838012695,18.63022804260254,18.42256736755371,17.92739486694336,17.45368766784668,17.482358932495117,17.425277709960938,16.659568786621094,16.339933395385742,16.267847061157227,16.658966064453125,16.984912872314453,17.268449783325195,17.35607147216797,17.60839080810547,18.000356674194336,18.254514694213867,17.940519332885742,17.74616050720215,17.50731658935547,17.424697875976562,16.9332218170166,16.83684730529785,17.064346313476562,17.816200256347656,16.75559425354004,15.887954711914062,17.027904510498047,17.33794403076172,17.360794067382812
