DATA/HARM750/wind130m_forecast_202202170000_HARM750_WFP_DT.json
{"header": {"parameterCategory": 2, "parameterNumber": 2, "lo1": 2.2127522500000008, "la1": 52.23137826, "dx": 0.01049999999999951, "dy": 0.010500000000000398, "nx": 131, "ny": 119, "refTime": "2022-02-17T00:00:00.000000000"}, "data":
[rows 38 to 56 of 119, columns 0 to 43 of 131]
0.8462403416633606,0.849058210849762,0.8533415198326111,0.858051061630249,0.8643177151679993,0.8693676590919495,0.8748620748519897,0.8791975378990173,0.885880172252655,0.8902102708816528,0.8971561789512634,0.9025360941886902,0.9115139842033386,0.916750431060791,0.9238910675048828,0.9309308528900146,0.9368371367454529,0.94309401512146,0.9475385546684265,0.9511216878890991,0.954950749874115,0.9590388536453247,0.9626056551933289,0.9671259522438049,0.9717363715171814,0.9763864278793335,0.9828680753707886,0.9900525808334351,0.9975734949111938,1.0061719417572021,1.0157032012939453,1.0255367755889893,1.0354387760162354,1.048105239868164,1.0585830211639404,1.0728120803833008,1.0846859216690063,1.1004927158355713,1.1141835451126099,1.1289860010147095,1.1430995464324951,1.1596648693084717,1.1740975379943848,1.1907302141189575
0.9022068381309509,0.9067754149436951,0.9120693802833557,0.9182416200637817,0.924939751625061,0.9303740859031677,0.9380998015403748,0.9444146752357483,0.9515714049339294,0.9580404758453369,0.9654754400253296,0.9707391262054443,0.9774215221405029,0.9827595353126526,0.9891438484191895,0.9934254288673401,0.9993939995765686,1.0040717124938965,1.0072704553604126,1.010819435119629,1.013319492340088,1.016261339187622,1.0197300910949707,1.0227640867233276,1.0274542570114136,1.0329023599624634,1.039604663848877,1.0479493141174316,1.0574989318847656,1.0677685737609863,1.0786188840866089,1.0919049978256226,1.104723334312439,1.1187516450881958,1.1320748329162598,1.1485645771026611,1.1618356704711914,1.1801797151565552,1.1924875974655151,1.21409273147583,1.22659432888031,1.245943307876587,1.2578184604644775,1.2742291688919067
0.9641360640525818,0.9681112170219421,0.9737303853034973,0.97903972864151,0.984977126121521,0.9908046722412109,0.997730553150177,1.0036183595657349,1.0101491212844849,1.0156865119934082,1.0221372842788696,1.0272698402404785,1.0334604978561401,1.0375561714172363,1.044111967086792,1.048305869102478,1.0553786754608154,1.0588656663894653,1.0650871992111206,1.0657035112380981,1.0713634490966797,1.0734502077102661,1.0781848430633545,1.0824540853500366,1.088448166847229,1.0947943925857544,1.1040350198745728,1.1138027906417847,1.1242499351501465,1.136468768119812,1.1486761569976807,1.1617343425750732,1.1750315427780151,1.190328598022461,1.2039225101470947,1.2196948528289795,1.2343015670776367,1.2504956722259521,1.2659932374954224,1.282440423965454,1.298342227935791,1.3156629800796509,1.3280041217803955,1.3446134328842163
1.020509123802185,1.025551438331604,1.0303690433502197,1.0374895334243774,1.0447297096252441,1.0514495372772217,1.058994174003601,1.06508469581604,1.0729212760925293,1.0785435438156128,1.0863555669784546,1.090257167816162,1.0978045463562012,1.1007364988327026,1.1083048582077026,1.1105542182922363,1.1172864437103271,1.1191574335098267,1.1227854490280151,1.123670220375061,1.1271471977233887,1.1291402578353882,1.1343767642974854,1.1369181871414185,1.1431641578674316,1.149536371231079,1.1585164070129395,1.1690459251403809,1.1810228824615479,1.1939617395401,1.2075251340866089,1.2221578359603882,1.2372616529464722,1.2539591789245605,1.2709499597549438,1.2878960371017456,1.3052186965942383,1.3233158588409424,1.3409594297409058,1.3585819005966187,1.376880407333374,1.3924707174301147,1.4105435609817505,1.4243980646133423
1.0872249603271484,1.0914649963378906,1.097139835357666,1.1027153730392456,1.1085201501846313,1.1146587133407593,1.1203436851501465,1.1258920431137085,1.1316708326339722,1.1368767023086548,1.1424232721328735,1.14606773853302,1.1502292156219482,1.1541552543640137,1.1584488153457642,1.161303997039795,1.1661893129348755,1.1689417362213135,1.1718379259109497,1.1738667488098145,1.1777507066726685,1.1817690134048462,1.185688853263855,1.191917896270752,1.1979737281799316,1.2064878940582275,1.2175709009170532,1.2303966283798218,1.2444939613342285,1.259380578994751,1.2748771905899048,1.2915679216384888,1.3085923194885254,1.325108528137207,1.3418419361114502,1.3596017360687256,1.3771262168884277,1.3944910764694214,1.4120268821716309,1.4296742677688599,1.4463658332824707,1.4629967212677002,1.4768458604812622,1.4917497634887695
1.1450576782226562,1.1486104726791382,1.154236912727356,1.1596004962921143,1.165273904800415,1.1707041263580322,1.17719304561615,1.1834231615066528,1.1885658502578735,1.1950708627700806,1.1982038021087646,1.2037038803100586,1.2060260772705078,1.211341142654419,1.2136433124542236,1.2189387083053589,1.2206002473831177,1.2262650728225708,1.2273839712142944,1.2318665981292725,1.2330106496810913,1.2380611896514893,1.2414872646331787,1.2471671104431152,1.2534846067428589,1.2632437944412231,1.2737876176834106,1.2879252433776855,1.3016648292541504,1.3169986009597778,1.3337165117263794,1.3504202365875244,1.3678996562957764,1.386070728302002,1.4038301706314087,1.4222495555877686,1.4416323900222778,1.4610260725021362,1.4793497323989868,1.4986844062805176,1.517223834991455,1.5342955589294434,1.549716591835022,1.564827561378479
1.212742805480957,1.2159606218338013,1.2214670181274414,1.225358486175537,1.2312922477722168,1.2356235980987549,1.2396217584609985,1.2444061040878296,1.2484287023544312,1.252375841140747,1.2549052238464355,1.2583914995193481,1.2594996690750122,1.2638113498687744,1.263887882232666,1.2687978744506836,1.269519567489624,1.2751108407974243,1.2747395038604736,1.280723214149475,1.2817639112472534,1.2884495258331299,1.2923460006713867,1.3007936477661133,1.3077481985092163,1.3195558786392212,1.3328619003295898,1.3480263948440552,1.3643702268600464,1.3825603723526,1.4000996351242065,1.4197663068771362,1.4390015602111816,1.4584410190582275,1.4783741235733032,1.497320532798767,1.516061782836914,1.5340677499771118,1.5531266927719116,1.5708867311477661,1.588685393333435,1.604815125465393,1.6202572584152222,1.6341240406036377
1.2730482816696167,1.2742823362350464,1.2786098718643188,1.2815719842910767,1.2853754758834839,1.2889316082000732,1.2932230234146118,1.2960833311080933,1.3000272512435913,1.3044545650482178,1.3067386150360107,1.3098753690719604,1.312450885772705,1.3157330751419067,1.3184481859207153,1.3225560188293457,1.3248169422149658,1.3306220769882202,1.332654356956482,1.3386178016662598,1.3418760299682617,1.3510006666183472,1.3548033237457275,1.365374207496643,1.3719357252120972,1.385331630706787,1.3971571922302246,1.4150878190994263,1.4304749965667725,1.4488465785980225,1.4665608406066895,1.4860846996307373,1.5052036046981812,1.52472984790802,1.5432989597320557,1.5624436140060425,1.5816705226898193,1.599782943725586,1.6194177865982056,1.6381999254226685,1.6573320627212524,1.6741251945495605,1.6909652948379517,1.7056164741516113
1.3363592624664307,1.3375623226165771,1.3418203592300415,1.3436089754104614,1.3477776050567627,1.3497000932693481,1.3527586460113525,1.3564468622207642,1.3589670658111572,1.3607923984527588,1.3629286289215088,1.364888072013855,1.3666452169418335,1.3697993755340576,1.3720237016677856,1.3758258819580078,1.3791782855987549,1.3835402727127075,1.387146234512329,1.3933215141296387,1.3975340127944946,1.4061154127120972,1.4126739501953125,1.4240208864212036,1.4323769807815552,1.4476205110549927,1.4620561599731445,1.4811084270477295,1.498225212097168,1.519283652305603,1.537950873374939,1.5600122213363647,1.5798202753067017,1.6009453535079956,1.6212868690490723,1.641221284866333,1.6611220836639404,1.681308388710022,1.7002272605895996,1.717870831489563,1.7364425659179688,1.7519208192825317,1.7668215036392212,1.7802599668502808
1.3972699642181396,1.39862060546875,1.399051547050476,1.4003124237060547,1.4015756845474243,1.402320384979248,1.404340386390686,1.4051522016525269,1.4078766107559204,1.4094067811965942,1.4106775522232056,1.4136278629302979,1.4168384075164795,1.4203161001205444,1.4243003129959106,1.4296921491622925,1.4342139959335327,1.441486120223999,1.4473023414611816,1.455297827720642,1.4641947746276855,1.473996877670288,1.484322190284729,1.4961647987365723,1.5097349882125854,1.525095820426941,1.5416346788406372,1.5592458248138428,1.5769565105438232,1.596839189529419,1.6163299083709717,1.636431097984314,1.655953049659729,1.6766579151153564,1.6950453519821167,1.7149075269699097,1.733373761177063,1.7518231868743896,1.7707979679107666,1.7887080907821655,1.8058483600616455,1.8218854665756226,1.8385123014450073,1.8536462783813477
1.4552596807479858,1.4560624361038208,1.457092046737671,1.457349181175232,1.4580880403518677,1.4596034288406372,1.46053147315979,1.4625786542892456,1.463842511177063,1.4663069248199463,1.4697306156158447,1.4722853899002075,1.4754045009613037,1.4796756505966187,1.4837520122528076,1.4890120029449463,1.4955658912658691,1.5027401447296143,1.5106760263442993,1.5198357105255127,1.529025912284851,1.5406088829040527,1.5517388582229614,1.5644636154174805,1.5780985355377197,1.5946022272109985,1.611997127532959,1.6307247877120972,1.6502010822296143,1.6704039573669434,1.6919153928756714,1.713336706161499,1.7350218296051025,1.7551932334899902,1.7763539552688599,1.7957820892333984,1.8157247304916382,1.835707187652588,1.8545421361923218,1.8735014200210571,1.8922051191329956,1.909231424331665,1.9245885610580444,1.9393863677978516
1.5155059099197388,1.514336347579956,1.5134445428848267,1.5134330987930298,1.5123051404953003,1.5121396780014038,1.5121028423309326,1.5132321119308472,1.5138508081436157,1.5160154104232788,1.5182201862335205,1.522640347480774,1.5267397165298462,1.5314173698425293,1.5381417274475098,1.5458067655563354,1.554628849029541,1.564480185508728,1.5753344297409058,1.5868951082229614,1.60048246383667,1.613814353942871,1.6288583278656006,1.6449958086013794,1.6614018678665161,1.6799424886703491,1.6995929479599,1.7202214002609253,1.741146206855774,1.7612615823745728,1.7819678783416748,1.8021308183670044,1.8233860731124878,1.8425300121307373,1.861272931098938,1.880303144454956,1.8993175029754639,1.9172344207763672,1.9354593753814697,1.9530290365219116,1.9702811241149902,1.9872418642044067,2.0024359226226807,2.017509698867798
1.5646681785583496,1.5671565532684326,1.5633363723754883,1.564595341682434,1.5632909536361694,1.5642610788345337,1.5639210939407349,1.565460205078125,1.5679166316986084,1.5709904432296753,1.5756248235702515,1.5811759233474731,1.5881092548370361,1.5966885089874268,1.6051989793777466,1.6147193908691406,1.6251839399337769,1.63603937625885,1.6489782333374023,1.6617697477340698,1.676498532295227,1.6914541721343994,1.7076359987258911,1.7232595682144165,1.7426090240478516,1.7600194215774536,1.7798482179641724,1.7988358736038208,1.8196523189544678,1.8406933546066284,1.8610234260559082,1.8827099800109863,1.9030046463012695,1.9242985248565674,1.9445985555648804,1.964771032333374,1.9840104579925537,2.00396990776062,2.022996664047241,2.042480230331421,2.0611531734466553,2.0781946182250977,2.0962743759155273,2.1138710975646973
1.6240602731704712,1.621321678161621,1.6206810474395752,1.6188634634017944,1.6170769929885864,1.6174529790878296,1.6172722578048706,1.6185832023620605,1.6197295188903809,1.6243141889572144,1.6293160915374756,1.6363404989242554,1.6441569328308105,1.6533275842666626,1.6637356281280518,1.6744229793548584,1.6865336894989014,1.7003929615020752,1.7150925397872925,1.7315266132354736,1.7494910955429077,1.7669177055358887,1.7863975763320923,1.8061167001724243,1.826099157333374,1.8469772338867188,1.8683929443359375,1.889326572418213,1.9115070104599,1.9330480098724365,1.9555549621582031,1.9771820306777954,1.9983824491500854,2.017620325088501,2.036808490753174,2.055687189102173,2.074366569519043,2.09304141998291,2.1110246181488037,2.1291158199310303,2.14644193649292,2.164217472076416,2.1803596019744873,2.197263240814209
1.6687439680099487,1.6675711870193481,1.6660692691802979,1.6644097566604614,1.6656689643859863,1.6641794443130493,1.6673812866210938,1.6690685749053955,1.6727420091629028,1.6782923936843872,1.6864746809005737,1.6959317922592163,1.7063179016113281,1.718316912651062,1.7314528226852417,1.7460206747055054,1.7616419792175293,1.7778319120407104,1.7959303855895996,1.813615083694458,1.8312592506408691,1.8513590097427368,1.870671272277832,1.8913843631744385,1.9115606546401978,1.9319008588790894,1.9524482488632202,1.9734517335891724,1.9938756227493286,2.014650344848633,2.0355165004730225,2.056288242340088,2.0781726837158203,2.097460985183716,2.1167585849761963,2.136777400970459,2.157261610031128,2.1776416301727295,2.1963047981262207,2.216618061065674,2.2359254360198975,2.2551002502441406,2.2743682861328125,2.2935924530029297
1.7180612087249756,1.7175086736679077,1.7181023359298706,1.7179887294769287,1.718502163887024,1.7200154066085815,1.7221002578735352,1.7240378856658936,1.7305219173431396,1.7355146408081055,1.7457890510559082,1.7548046112060547,1.7681844234466553,1.7807437181472778,1.7955315113067627,1.8108359575271606,1.8279156684875488,1.8456512689590454,1.8634637594223022,1.8828610181808472,1.9031280279159546,1.9235299825668335,1.945739984512329,1.968428373336792,1.9905757904052734,2.0137782096862793,2.034878969192505,2.0575480461120605,2.079009532928467,2.1019906997680664,2.1229019165039062,2.1467747688293457,2.166454553604126,2.1894919872283936,2.210263252258301,2.2314422130584717,2.250136613845825,2.269301176071167,2.288762331008911,2.307676315307617,2.3265016078948975,2.345688819885254,2.3641164302825928,2.3831729888916016
1.7588770389556885,1.7589962482452393,1.760520339012146,1.7600260972976685,1.7630654573440552,1.7640790939331055,1.7689892053604126,1.772910475730896,1.7792962789535522,1.7891396284103394,1.8007159233093262,1.813274621963501,1.8288311958312988,1.8441197872161865,1.8622928857803345,1.8799418210983276,1.9000217914581299,1.9196710586547852,1.9414448738098145,1.9629709720611572,1.9853426218032837,2.008521795272827,2.0304198265075684,2.0530242919921875,2.075432777404785,2.0971992015838623,2.1183159351348877,2.140226125717163,2.160130262374878,2.1826298236846924,2.2028067111968994,2.2239279747009277,2.2442474365234375,2.265880584716797,2.28533673286438,2.307155132293701,2.326359510421753,2.3473188877105713,2.3665082454681396,2.388275384902954,2.4088857173919678,2.4294395446777344,2.4506354331970215,2.4704842567443848
1.8000487089157104,1.8005928993225098,1.804326057434082,1.8066643476486206,1.8113662004470825,1.8154301643371582,1.8217923641204834,1.8280850648880005,1.8376890420913696,1.8468960523605347,1.8615944385528564,1.876116156578064,1.8919689655303955,1.9090793132781982,1.9274274110794067,1.9463822841644287,1.9668216705322266,1.987168312072754,2.0091593265533447,2.0308687686920166,2.0532894134521484,2.0756397247314453,2.0988266468048096,2.1221535205841064,2.1444153785705566,2.1677608489990234,2.1898956298828125,2.2122573852539062,2.2352077960968018,2.256540060043335,2.279048442840576,2.301313877105713,2.322822093963623,2.3453683853149414,2.366940498352051,2.3890230655670166,2.4113850593566895,2.4336423873901367,2.4544589519500732,2.4751429557800293,2.4950110912323,2.5163145065307617,2.5351874828338623,2.556257724761963
1.8359447717666626,1.8378241062164307,1.8429733514785767,1.845414638519287,1.852669358253479,1.857488751411438,1.8663007020950317,1.8731240034103394,1.884452223777771,1.8967044353485107,1.9134221076965332,1.927990436553955,1.9484002590179443,1.9663769006729126,1.9871760606765747,2.008450746536255,2.0309345722198486,2.0540685653686523,2.076274871826172,2.100036859512329,2.123849868774414,2.1482656002044678,2.172330379486084,2.1966018676757812,2.220919370651245,2.2432448863983154,2.2650442123413086,2.2868847846984863,2.307744026184082,2.3298065662384033,2.350534677505493,2.371828079223633,2.39338755607605,2.4144186973571777,2.436192750930786,2.4583427906036377,2.47902774810791,2.5005507469177246,2.522245168685913,2.543351650238037,2.563983201980591,2.5849108695983887,2.6076841354370117,2.6276471614837646
