DATA/HARM750/wind10m_forecast_202202170000_HARM750_WFP_DT.json
{"header": {"parameterCategory": 2, "parameterNumber": 2, "lo1": 1.2152522500000003, "la1": 53.22887826, "dx": 0.06299999999999972, "dy": 0.06300000000000239, "nx": 54, "ny": 52, "refTime": "2022-02-17T00:00:00.000000000"}, "data":
[rows 0 to 18 of 52, columns 0 to 43 of 54]
17.320703506469727,17.21219253540039,17.04856300354004,16.8760929107666,16.75896644592285,16.77341079711914,16.938657760620117,17.18114471435547,17.36591339111328,17.426504135131836,17.47588539123535,17.5590877532959,17.638376235961914,17.54170799255371,17.432828903198242,17.420936584472656,17.536409378051758,17.555435180664062,17.607646942138672,17.79452896118164,18.153045654296875,18.386920928955078,18.483112335205078,18.47748565673828,18.410539627075195,18.140588760375977,17.82784652709961,17.668113708496094,17.75748634338379,17.859973907470703,17.93385887145996,18.011646270751953,18.0667724609375,17.9605712890625,17.782899856567383,17.7252254486084,17.85736083984375,18.0046329498291,18.100811004638672,18.165483474731445,18.201387405395508,18.140209197998047,18.005844116210938,17.896303176879883
17.336193084716797,17.366004943847656,17.340904235839844,17.247220993041992,17.152503967285156,17.114110946655273,17.106904983520508,17.152997970581055,17.201499938964844,17.231447219848633,17.212478637695312,17.17933464050293,17.15271759033203,17.108030319213867,17.106040954589844,17.19154930114746,17.358903884887695,17.47073745727539,17.614521026611328,17.84878921508789,18.18961524963379,18.358945846557617,18.376882553100586,18.31281089782715,18.25379180908203,18.086257934570312,17.955480575561523,17.97407341003418,18.151927947998047,18.271102905273438,18.318166732788086,18.304079055786133,18.23169708251953,18.024555206298828,17.812288284301758,17.735923767089844,17.81266975402832,17.885116577148438,17.909793853759766,17.926246643066406,17.930618286132812,17.853378295898438,17.739683151245117,17.686935424804688
17.419092178344727,17.64497184753418,17.75879669189453,17.72381019592285,17.61351776123047,17.522096633911133,17.374038696289062,17.211816787719727,17.087732315063477,17.021793365478516,16.867366790771484,16.74690055847168,16.741363525390625,16.86629295349121,16.916900634765625,16.948816299438477,17.060916900634766,17.302095413208008,17.55821418762207,17.774974822998047,17.946918487548828,18.03752899169922,18.03567886352539,17.974674224853516,17.93297576904297,17.91060447692871,17.956085205078125,18.076335906982422,18.26042366027832,18.3870792388916,18.433229446411133,18.390506744384766,18.275358200073242,18.097856521606445,17.95905113220215,17.90492057800293,17.953516006469727,18.021358489990234,18.079538345336914,18.1030216217041,18.03492546081543,17.91192626953125,17.81670570373535,17.807392120361328
16.674890518188477,17.10842514038086,17.49958038330078,17.67115592956543,17.694236755371094,17.68111801147461,17.512598037719727,17.212566375732422,16.90106201171875,16.739343643188477,16.628421783447266,16.588111877441406,16.624759674072266,16.751367568969727,16.78432273864746,16.798315048217773,16.89765739440918,17.134660720825195,17.310291290283203,17.409746170043945,17.474727630615234,17.589651107788086,17.637514114379883,17.61414909362793,17.60769271850586,17.72745132446289,17.932640075683594,18.170310974121094,18.393890380859375,18.556476593017578,18.570140838623047,18.459857940673828,18.312131881713867,18.246858596801758,18.249635696411133,18.293832778930664,18.370683670043945,18.48040199279785,18.538297653198242,18.49338150024414,18.34215545654297,18.180164337158203,18.038936614990234,17.93083953857422
15.115015029907227,15.500845909118652,15.986907958984375,16.375478744506836,16.694908142089844,16.899314880371094,16.973857879638672,16.87519645690918,16.716445922851562,16.65837860107422,16.699628829956055,16.736196517944336,16.727697372436523,16.70414161682129,16.693004608154297,16.704008102416992,16.74573516845703,16.830121994018555,16.911758422851562,16.995908737182617,17.10385513305664,17.205970764160156,17.24500274658203,17.303077697753906,17.471202850341797,17.79585838317871,18.109363555908203,18.35817527770996,18.520856857299805,18.626201629638672,18.608417510986328,18.513683319091797,18.44060707092285,18.48180389404297,18.54697036743164,18.61566925048828,18.672304153442383,18.74154281616211,18.71294403076172,18.577852249145508,18.402429580688477,18.251543045043945,18.078155517578125,17.859603881835938
17.606151580810547,18.156051635742188,16.982288360595703,14.726381301879883,14.774497985839844,15.114351272583008,15.574054718017578,15.979043960571289,16.258853912353516,16.449813842773438,16.687639236450195,16.8593807220459,16.91461753845215,16.860212326049805,16.733245849609375,16.581769943237305,16.46804428100586,16.45918846130371,16.564767837524414,16.700931549072266,16.810396194458008,16.884716033935547,16.973237991333008,17.14026641845703,17.407550811767578,17.740171432495117,18.03946304321289,18.265928268432617,18.42595100402832,18.51007080078125,18.479385375976562,18.42926025390625,18.4476318359375,18.570852279663086,18.678544998168945,18.73611831665039,18.75182342529297,18.736225128173828,18.629491806030273,18.448091506958008,18.282432556152344,18.171430587768555,18.01007843017578,17.802616119384766
12.28703498840332,12.328831672668457,13.257610321044922,13.931158065795898,13.19439697265625,13.032612800598145,13.723715782165527,14.465704917907715,15.198994636535645,15.861379623413086,16.426973342895508,16.766277313232422,16.855688095092773,16.7248592376709,16.472457885742188,16.234010696411133,16.144458770751953,16.26645851135254,16.459354400634766,16.58896827697754,16.65467071533203,16.741432189941406,16.843082427978516,16.942516326904297,17.058456420898438,17.242630004882812,17.503353118896484,17.750391006469727,17.918336868286133,17.987342834472656,17.984094619750977,17.991653442382812,18.09021759033203,18.28789710998535,18.472108840942383,18.578147888183594,18.56987762451172,18.47630500793457,18.32905387878418,18.199750900268555,18.119895935058594,18.10704231262207,18.068035125732422,17.964019775390625
11.118637084960938,9.645618438720703,10.50041389465332,11.356457710266113,10.552355766296387,11.296512603759766,11.926274299621582,12.799698829650879,13.8673734664917,14.957372665405273,15.825883865356445,16.305959701538086,16.43423843383789,16.35342788696289,16.12716293334961,15.898061752319336,15.86104679107666,16.0856876373291,16.374305725097656,16.599363327026367,16.76054573059082,16.884567260742188,16.86142349243164,16.748172760009766,16.718725204467773,16.889371871948242,17.097171783447266,17.19843292236328,17.232891082763672,17.293014526367188,17.3876953125,17.5076904296875,17.6717472076416,17.902263641357422,18.107933044433594,18.222484588623047,18.231990814208984,18.171201705932617,18.07379722595215,18.013586044311523,18.035053253173828,18.142730712890625,18.227426528930664,18.178199768066406
11.04539680480957,10.55359172821045,9.778425216674805,9.705002784729004,9.627259254455566,10.002781867980957,10.584393501281738,11.697003364562988,12.783756256103516,14.102932929992676,15.137125968933105,15.735355377197266,15.98967456817627,16.0240535736084,15.858271598815918,15.66252326965332,15.709419250488281,16.074357986450195,16.519123077392578,16.873319625854492,17.10845947265625,17.190166473388672,17.001005172729492,16.734325408935547,16.637327194213867,16.7845458984375,16.920637130737305,16.991315841674805,17.062665939331055,17.195188522338867,17.242429733276367,17.255857467651367,17.34878158569336,17.59195899963379,17.812969207763672,17.937442779541016,17.961795806884766,17.951534271240234,17.88327407836914,17.82325553894043,17.852630615234375,17.985488891601562,18.075342178344727,18.011363983154297
10.646585464477539,11.258374214172363,11.924052238464355,11.926718711853027,9.930121421813965,9.634245872497559,9.997777938842773,11.182310104370117,12.943427085876465,13.57883358001709,14.788545608520508,15.500310897827148,15.822271347045898,15.840194702148438,15.65157413482666,15.532818794250488,15.752196311950684,16.28318214416504,16.805219650268555,17.15144157409668,17.34807586669922,17.3930721282959,17.202503204345703,16.973012924194336,16.898170471191406,17.017873764038086,17.13873291015625,17.284469604492188,17.448593139648438,17.559322357177734,17.433738708496094,17.299644470214844,17.339536666870117,17.568471908569336,17.719493865966797,17.75948143005371,17.729055404663086,17.682937622070312,17.57892608642578,17.500797271728516,17.51285743713379,17.60506248474121,17.63300895690918,17.53125762939453
10.799092292785645,10.508939743041992,12.162511825561523,10.507750511169434,9.602974891662598,10.101686477661133,9.33467960357666,10.298105239868164,11.768027305603027,13.250802993774414,14.470535278320312,15.274070739746094,15.70412826538086,15.831706047058105,15.733827590942383,15.707382202148438,15.944839477539062,16.402868270874023,16.85242462158203,17.19331169128418,17.389528274536133,17.406747817993164,17.20612907409668,17.005107879638672,16.98337745666504,17.166542053222656,17.389680862426758,17.597850799560547,17.73457908630371,17.740299224853516,17.59882164001465,17.477977752685547,17.449304580688477,17.499706268310547,17.497814178466797,17.513019561767578,17.533071517944336,17.50531005859375,17.38030242919922,17.286142349243164,17.276914596557617,17.317798614501953,17.296010971069336,17.19530487060547
11.190225601196289,10.847712516784668,11.640305519104004,9.986846923828125,9.222460746765137,9.400806427001953,9.11108112335205,11.482810020446777,12.071634292602539,12.843178749084473,14.051786422729492,14.933293342590332,15.450698852539062,15.663895606994629,15.708077430725098,15.769752502441406,15.976238250732422,16.3486385345459,16.784549713134766,17.108999252319336,17.23963737487793,17.16583251953125,16.958539962768555,16.796398162841797,16.79477310180664,16.946147918701172,17.171798706054688,17.368600845336914,17.482412338256836,17.49616813659668,17.408214569091797,17.294984817504883,17.185148239135742,17.129850387573242,17.151578903198242,17.24102020263672,17.293054580688477,17.283828735351562,17.223445892333984,17.218891143798828,17.252666473388672,17.27363395690918,17.24492073059082,17.16217041015625
12.12627124786377,11.523006439208984,11.318840026855469,10.148479461669922,9.271230697631836,9.235601425170898,9.385908126831055,10.247544288635254,11.567675590515137,12.483149528503418,13.751176834106445,14.643803596496582,15.151725769042969,15.402721405029297,15.588863372802734,15.751080513000488,15.972098350524902,16.28877830505371,16.649200439453125,16.833341598510742,16.804048538208008,16.66341781616211,16.552453994750977,16.496885299682617,16.48065948486328,16.528705596923828,16.670927047729492,16.85834503173828,16.996381759643555,17.0400390625,17.017372131347656,16.962177276611328,16.91609001159668,16.918861389160156,16.988595962524414,17.058067321777344,17.105152130126953,17.17438507080078,17.303712844848633,17.424909591674805,17.466318130493164,17.415674209594727,17.325712203979492,17.186811447143555
11.181618690490723,10.743026733398438,10.304243087768555,10.388373374938965,10.92308235168457,11.304699897766113,11.056391716003418,12.018537521362305,12.149613380432129,12.925264358520508,13.922222137451172,14.577463150024414,14.977989196777344,15.270326614379883,15.565434455871582,15.775797843933105,15.971580505371094,16.216474533081055,16.48435401916504,16.59025001525879,16.54715919494629,16.43351936340332,16.324445724487305,16.205095291137695,16.149524688720703,16.206907272338867,16.357633590698242,16.504974365234375,16.619535446166992,16.70621681213379,16.776227951049805,16.81905174255371,16.81052589416504,16.786596298217773,16.793180465698242,16.86859703063965,17.02304458618164,17.213363647460938,17.374881744384766,17.41708755493164,17.360321044921875,17.250307083129883,17.10699462890625,16.893728256225586
10.677042007446289,11.417780876159668,11.66949462890625,11.778702735900879,11.133526802062988,11.37353515625,12.088025093078613,12.58454418182373,13.096070289611816,13.964805603027344,14.62218952178955,14.97930908203125,15.191117286682129,15.391670227050781,15.619006156921387,15.807987213134766,16.063310623168945,16.328325271606445,16.478717803955078,16.418468475341797,16.32322883605957,16.24858856201172,16.18392562866211,16.093496322631836,16.11783790588379,16.23340606689453,16.35587501525879,16.403486251831055,16.484317779541016,16.600990295410156,16.711074829101562,16.749494552612305,16.74445152282715,16.732389450073242,16.744001388549805,16.834857940673828,16.984256744384766,17.122783660888672,17.185344696044922,17.160900115966797,17.091970443725586,16.941600799560547,16.7028865814209,16.427186965942383
11.684816360473633,12.015998840332031,12.198746681213379,12.097310066223145,12.129854202270508,12.655655860900879,13.031305313110352,13.288064002990723,14.29332160949707,15.023277282714844,15.409031867980957,15.458366394042969,15.468680381774902,15.584490776062012,15.805978775024414,16.024587631225586,16.301374435424805,16.515380859375,16.528963088989258,16.318344116210938,16.15141487121582,16.086261749267578,16.083906173706055,16.095518112182617,16.204730987548828,16.320697784423828,16.370882034301758,16.37529945373535,16.452293395996094,16.522260665893555,16.523794174194336,16.47152328491211,16.481632232666016,16.51727867126465,16.570743560791016,16.64527702331543,16.759811401367188,16.8571720123291,16.905473709106445,16.87727165222168,16.74127197265625,16.52040672302246,16.3016414642334,16.224775314331055
11.173694610595703,10.921513557434082,10.742350578308105,11.693554878234863,12.06640338897705,12.397809982299805,13.17362117767334,13.897906303405762,14.89909839630127,15.50378131866455,15.74531364440918,15.634119033813477,15.532235145568848,15.644513130187988,15.935397148132324,16.19373321533203,16.398164749145508,16.521907806396484,16.519453048706055,16.329322814941406,16.15545654296875,16.064804077148438,16.05268669128418,16.10408592224121,16.25105094909668,16.37221336364746,16.411348342895508,16.369060516357422,16.322202682495117,16.237220764160156,16.137771606445312,16.08670425415039,16.130353927612305,16.170618057250977,16.22259521484375,16.335681915283203,16.51146697998047,16.618328094482422,16.613435745239258,16.519540786743164,16.354219436645508,16.21550750732422,16.2367000579834,16.45490837097168
12.590469360351562,10.776217460632324,10.02153205871582,10.118474006652832,10.6555814743042,11.16273021697998,12.795263290405273,13.676769256591797,14.515382766723633,15.136082649230957,15.529573440551758,15.60291576385498,15.559168815612793,15.68925952911377,16.00052833557129,16.287004470825195,16.485395431518555,16.59572410583496,16.54584312438965,16.29037094116211,16.049009323120117,15.973506927490234,16.04703140258789,16.17748260498047,16.324798583984375,16.417400360107422,16.403793334960938,16.26603889465332,16.078638076782227,15.8988676071167,15.793477058410645,15.787734031677246,15.843936920166016,15.908997535705566,16.027420043945312,16.192628860473633,16.325164794921875,16.347509384155273,16.30451202392578,16.26403045654297,16.247556686401367,16.27558708190918,16.408449172973633,16.640972137451172
11.271739959716797,11.235346794128418,10.897600173950195,11.466889381408691,10.824616432189941,11.630247116088867,12.418266296386719,13.516865730285645,14.315075874328613,14.94512939453125,15.374796867370605,15.517753601074219,15.580761909484863,15.800071716308594,16.097497940063477,16.281919479370117,16.379161834716797,16.424407958984375,16.349668502807617,16.151962280273438,16.04446792602539,16.095739364624023,16.210620880126953,16.299013137817383,16.367250442504883,16.399465560913086,16.33522605895996,16.17671775817871,16.01212501525879,15.869729995727539,15.775893211364746,15.75178337097168,15.799638748168945,15.902128219604492,16.011978149414062,16.07461166381836,16.05000877380371,15.97973346710205,15.963191986083984,16.024688720703125,16.10732078552246,16.23814582824707,16.420372009277344,16.56711769104004
