DATA/HARM750/wind130m_forecast_202202170000_HARM750_WFP_DT.json
{"header": {"parameterCategory": 2, "parameterNumber": 3, "lo1": 2.2127522500000008, "la1": 52.23137826, "dx": 0.03149999999999942, "dy": 0.031500000000001194, "nx": 44, "ny": 40, "refTime": "2022-02-17T00:00:00.000000000"}, "data":
[rows 20 to 39 of 40, columns 0 to 43 of 44]
1.9156696796417236,1.954887866973877,2.004061222076416,2.0615010261535645,2.1274893283843994,2.1998519897460938,2.270484685897827,2.3425793647766113,2.4135513305664062,2.482424020767212,2.550204277038574,2.6169729232788086,2.681925058364868,2.7458977699279785,2.802936315536499,2.8589413166046143,2.905250072479248,2.947310209274292,2.9874374866485596,3.0338993072509766,3.086697578430176,3.1449387073516846,3.2136306762695312,3.2858762741088867,3.359001636505127,3.4295461177825928,3.504141330718994,3.575937509536743,3.649768352508545,3.7249269485473633,3.8043854236602783,3.8885207176208496,3.9752895832061768,4.067639350891113,4.170806407928467,4.289331912994385,4.416970252990723,4.553671360015869,4.701085090637207,4.84517765045166,4.977340221405029,5.095279693603516,5.188419818878174,5.246926307678223
1.8849185705184937,1.943760871887207,2.0119876861572266,2.0832672119140625,2.1537723541259766,2.22816801071167,2.29651141166687,2.371372938156128,2.4412102699279785,2.512373208999634,2.5796403884887695,2.6438939571380615,2.7032997608184814,2.7571499347686768,2.8045170307159424,2.844054937362671,2.887007713317871,2.927126407623291,2.9771740436553955,3.0354323387145996,3.105587959289551,3.1828956604003906,3.2662651538848877,3.3535776138305664,3.438631057739258,3.5203778743743896,3.604945659637451,3.687389850616455,3.7729508876800537,3.8617911338806152,3.956474781036377,4.06128454208374,4.175572872161865,4.301372051239014,4.4370903968811035,4.590275764465332,4.748175144195557,4.910604953765869,5.0686187744140625,5.215577602386475,5.333368301391602,5.421362400054932,5.479369163513184,5.508817195892334
1.7755680084228516,1.8428226709365845,1.9164113998413086,1.9883335828781128,2.0563712120056152,2.125842571258545,2.1980552673339844,2.2708499431610107,2.3449697494506836,2.4147238731384277,2.481684446334839,2.537885904312134,2.5857839584350586,2.6290812492370605,2.6688265800476074,2.711242198944092,2.7583742141723633,2.816089391708374,2.881135940551758,2.962810516357422,3.053644895553589,3.1492273807525635,3.2487106323242188,3.350221872329712,3.450920343399048,3.552246570587158,3.6558098793029785,3.7669930458068848,3.8816211223602295,4.007052421569824,4.1348876953125,4.270716667175293,4.41359281539917,4.565861701965332,4.728064060211182,4.9037628173828125,5.082143783569336,5.246996879577637,5.391632080078125,5.509852409362793,5.597775936126709,5.65824556350708,5.696938991546631,5.723566055297852
1.6156830787658691,1.679050087928772,1.745383620262146,1.8083775043487549,1.8665672540664673,1.927890419960022,1.9976524114608765,2.0668551921844482,2.134920597076416,2.1985151767730713,2.259385108947754,2.312079906463623,2.358586072921753,2.40763521194458,2.4603099822998047,2.5190465450286865,2.586862802505493,2.6669747829437256,2.7576849460601807,2.862039566040039,2.9776787757873535,3.0948994159698486,3.2125275135040283,3.3327667713165283,3.4536023139953613,3.5797951221466064,3.714021921157837,3.861370801925659,4.015961170196533,4.171057224273682,4.325845241546631,4.487590789794922,4.651186466217041,4.82206916809082,4.996984958648682,5.179569244384766,5.3508758544921875,5.4958882331848145,5.6167144775390625,5.710365295410156,5.781135082244873,5.825772762298584,5.8627142906188965,5.8800177574157715
1.467585563659668,1.5118896961212158,1.55795156955719,1.6025723218917847,1.647827386856079,1.69869863986969,1.761425256729126,1.8276050090789795,1.892586350440979,1.9532055854797363,2.0116751194000244,2.068567991256714,2.1243271827697754,2.1898622512817383,2.2663052082061768,2.353804588317871,2.452810525894165,2.56447434425354,2.6860859394073486,2.8161025047302246,2.952688455581665,3.0913023948669434,3.2312331199645996,3.3795154094696045,3.525571584701538,3.677931308746338,3.8369719982147217,4.006044864654541,4.179266452789307,4.3500752449035645,4.518064498901367,4.687216758728027,4.8537750244140625,5.020315170288086,5.189429759979248,5.359347820281982,5.519101619720459,5.654040813446045,5.764462947845459,5.850888252258301,5.910759925842285,5.9459309577941895,5.963419437408447,5.960133075714111
1.3697606325149536,1.392901062965393,1.4208977222442627,1.4546562433242798,1.5024006366729736,1.5554324388504028,1.6197617053985596,1.6862332820892334,1.7492530345916748,1.806341290473938,1.8664941787719727,1.9326879978179932,2.0098936557769775,2.1040432453155518,2.2173538208007812,2.3410143852233887,2.4692840576171875,2.6027255058288574,2.7425365447998047,2.8916163444519043,3.0494375228881836,3.2130513191223145,3.3808228969573975,3.5483036041259766,3.7106730937957764,3.8734865188598633,4.039132595062256,4.2083258628845215,4.379134654998779,4.545340538024902,4.705261707305908,4.860008239746094,5.009492874145508,5.157515525817871,5.311898231506348,5.469544410705566,5.619772434234619,5.745944976806641,5.847908020019531,5.9225287437438965,5.966015338897705,5.982753753662109,5.9741926193237305,5.942811965942383
1.3883709907531738,1.4079463481903076,1.4363738298416138,1.4811159372329712,1.5367214679718018,1.5999687910079956,1.6661709547042847,1.7394710779190063,1.809386134147644,1.8774055242538452,1.9539240598678589,2.046977996826172,2.1532986164093018,2.2767393589019775,2.4146194458007812,2.5587151050567627,2.704463481903076,2.851069927215576,3.0023598670959473,3.163918972015381,3.3303823471069336,3.5006470680236816,3.675327777862549,3.8463737964630127,4.005929946899414,4.160122394561768,4.313512325286865,4.466363906860352,4.611151218414307,4.750093936920166,4.884898662567139,5.015924453735352,5.143993377685547,5.272565841674805,5.405182361602783,5.537362098693848,5.657376289367676,5.756741523742676,5.834453582763672,5.883396625518799,5.899733543395996,5.885063648223877,5.846774101257324,5.784374713897705
1.6139271259307861,1.6471877098083496,1.6912362575531006,1.7521016597747803,1.8235894441604614,1.9010711908340454,1.984690546989441,2.0714807510375977,2.155815601348877,2.242753028869629,2.3414411544799805,2.4604268074035645,2.592334032058716,2.7389419078826904,2.899137020111084,3.0593860149383545,3.2115182876586914,3.3533947467803955,3.4924564361572266,3.639366626739502,3.7884342670440674,3.943676233291626,4.104017734527588,4.261189937591553,4.396731376647949,4.519348621368408,4.629810333251953,4.737833499908447,4.841768741607666,4.952059268951416,5.059223651885986,5.165745258331299,5.265265464782715,5.360650539398193,5.4518914222717285,5.538088798522949,5.6116862297058105,5.665161609649658,5.696066856384277,5.7016801834106445,5.680372714996338,5.646625518798828,5.5991997718811035,5.54449987411499
2.1162655353546143,2.1813225746154785,2.2560949325561523,2.334275484085083,2.415087938308716,2.4951682090759277,2.582547426223755,2.678654432296753,2.7822182178497314,2.899653434753418,3.032228708267212,3.1847784519195557,3.3436200618743896,3.504697561264038,3.659088134765625,3.8002641201019287,3.926013231277466,4.0432000160217285,4.156999111175537,4.278713703155518,4.406921863555908,4.529311656951904,4.645689010620117,4.7437424659729,4.81569242477417,4.877066612243652,4.936082363128662,4.996683597564697,5.062079429626465,5.12993860244751,5.200873851776123,5.261458396911621,5.318408012390137,5.3662614822387695,5.406644344329834,5.442412376403809,5.462817192077637,5.4665937423706055,5.4547014236450195,5.431741237640381,5.400864601135254,5.362588882446289,5.326969146728516,5.2843146324157715
2.9137766361236572,2.9947891235351562,3.0785274505615234,3.155611515045166,3.235454559326172,3.324155807495117,3.4271578788757324,3.554579257965088,3.69854998588562,3.8545384407043457,4.018831729888916,4.167145252227783,4.307682514190674,4.437118053436279,4.556275367736816,4.663802623748779,4.763714790344238,4.8626813888549805,4.953068256378174,5.035054683685303,5.101092338562012,5.145185470581055,5.177753448486328,5.197995662689209,5.2034196853637695,5.205840110778809,5.213776111602783,5.225435256958008,5.238232135772705,5.251084804534912,5.263862609863281,5.272426128387451,5.272767543792725,5.268199920654297,5.262300491333008,5.2510600090026855,5.235795021057129,5.218976974487305,5.1972270011901855,5.169230937957764,5.139278411865234,5.105882167816162,5.078576564788818,5.060038089752197
3.8471078872680664,3.9452736377716064,4.043646812438965,4.141031742095947,4.2488694190979,4.370595455169678,4.510871887207031,4.661202430725098,4.811378002166748,4.960296154022217,5.100090026855469,5.2198286056518555,5.32625675201416,5.421287536621094,5.505646228790283,5.576219081878662,5.638912200927734,5.684081077575684,5.705626487731934,5.7104363441467285,5.697293281555176,5.667558193206787,5.623124599456787,5.575399398803711,5.521368026733398,5.468441009521484,5.421849250793457,5.3798723220825195,5.3371052742004395,5.29302978515625,5.24844217300415,5.198310375213623,5.146666049957275,5.09348201751709,5.059396743774414,5.0273661613464355,5.002256870269775,4.978076457977295,4.9526166915893555,4.927012920379639,4.899838447570801,4.880566120147705,4.869725227355957,4.865334510803223
4.841858863830566,4.974006652832031,5.101058006286621,5.234432220458984,5.365924835205078,5.49680233001709,5.63742208480835,5.777168273925781,5.914196968078613,6.039597988128662,6.151528358459473,6.238159656524658,6.303135871887207,6.344782829284668,6.366282939910889,6.362349987030029,6.3502631187438965,6.3197922706604,6.269752025604248,6.202094078063965,6.12015962600708,6.021158695220947,5.91323709487915,5.802672863006592,5.704706192016602,5.6122727394104,5.519221305847168,5.434780597686768,5.348189353942871,5.2532877922058105,5.158746719360352,5.069812774658203,4.993478298187256,4.913582801818848,4.863950252532959,4.820641994476318,4.782111167907715,4.749094009399414,4.71987771987915,4.692446231842041,4.675933361053467,4.665024280548096,4.666213035583496,4.67508602142334
5.8353729248046875,5.973757266998291,6.107728004455566,6.25134801864624,6.391582012176514,6.527523040771484,6.660677909851074,6.789268493652344,6.897305011749268,6.981180667877197,7.037292957305908,7.059991359710693,7.053839206695557,7.027800559997559,6.982813835144043,6.9180908203125,6.833611488342285,6.731691837310791,6.6085205078125,6.466588497161865,6.3132710456848145,6.159457206726074,6.03336238861084,5.884357452392578,5.747817516326904,5.620518207550049,5.499552249908447,5.383686542510986,5.267248153686523,5.144684791564941,5.032968521118164,4.938375473022461,4.856037139892578,4.771116733551025,4.69881010055542,4.641852378845215,4.591755390167236,4.5501627922058105,4.516740798950195,4.488401412963867,4.465822696685791,4.460765838623047,4.470403671264648,4.5044074058532715
6.69658899307251,6.839044570922852,6.977617263793945,7.122846603393555,7.262482166290283,7.388438701629639,7.488722801208496,7.5663909912109375,7.604203224182129,7.6142072677612305,7.601373672485352,7.570869445800781,7.515588760375977,7.441483020782471,7.344905853271484,7.220406532287598,7.066046237945557,6.8894500732421875,6.701723575592041,6.513981819152832,6.322700500488281,6.142760753631592,5.982269287109375,5.8261847496032715,5.679078102111816,5.548468589782715,5.4062676429748535,5.275874614715576,5.164496421813965,5.0678486824035645,5.009190559387207,4.893764495849609,4.7568359375,4.6844482421875,4.594854354858398,4.542849063873291,4.486330986022949,4.4386467933654785,4.378850936889648,4.338691711425781,4.369075775146484,4.362752914428711,4.387667179107666,4.444356918334961
7.402182579040527,7.539688587188721,7.66729736328125,7.783087253570557,7.882639408111572,7.946169853210449,7.9872918128967285,7.995044708251953,7.981740474700928,7.939713001251221,7.886035442352295,7.812448978424072,7.715393543243408,7.588334083557129,7.432797431945801,7.248899936676025,7.044722557067871,6.847952365875244,6.628017425537109,6.411016464233398,6.217884063720703,6.048607349395752,5.885238170623779,5.736411094665527,5.610867977142334,5.461287498474121,5.365314960479736,5.264241695404053,5.138012886047363,5.059758186340332,4.97560977935791,4.812719821929932,4.709161758422852,4.642573356628418,4.541711330413818,4.474422454833984,4.428521156311035,4.39943790435791,4.340625762939453,4.36982536315918,4.38151216506958,4.39406156539917,4.399068355560303,4.488621711730957
7.873574733734131,7.974274635314941,8.056902885437012,8.124503135681152,8.169655799865723,8.191637992858887,8.18799114227295,8.162715911865234,8.113537788391113,8.038278579711914,7.946022987365723,7.826941013336182,7.687532424926758,7.5118513107299805,7.351779460906982,7.173890590667725,6.905205249786377,6.671051025390625,6.447691917419434,6.264344692230225,6.093801498413086,5.944431781768799,5.798862934112549,5.6576762199401855,5.532541275024414,5.4235148429870605,5.340299606323242,5.264233589172363,5.2506208419799805,5.079549789428711,4.973092555999756,4.916983127593994,4.828897953033447,4.696569919586182,4.622382164001465,4.540225505828857,4.458598613739014,4.408267021179199,4.388919353485107,4.418450832366943,4.47329044342041,4.49511194229126,4.563554286956787,4.569106101989746
8.052323341369629,8.113588333129883,8.156142234802246,8.187491416931152,8.199872016906738,8.19482135772705,8.170903205871582,8.124266624450684,8.052453994750977,7.957037925720215,7.837753772735596,7.7029218673706055,7.61324405670166,7.3932318687438965,7.126372337341309,6.89961051940918,6.682572364807129,6.488636016845703,6.3225297927856445,6.173716068267822,6.03361701965332,5.898991584777832,5.786751747131348,5.690370082855225,5.620201587677002,5.573636531829834,5.555875778198242,5.567151069641113,5.464191913604736,5.302030563354492,5.1850104331970215,5.047724723815918,4.951401710510254,4.832762718200684,4.792808532714844,4.730493545532227,4.655388832092285,4.629677772521973,4.551205635070801,4.561594009399414,4.559455871582031,4.574743270874023,4.601661682128906,4.64139986038208
8.014022827148438,8.03317928314209,8.041769027709961,8.047281265258789,8.042779922485352,8.028031349182129,7.996498107910156,7.945153713226318,7.8882527351379395,7.786727428436279,7.637972354888916,7.482183456420898,7.307464122772217,7.118851184844971,6.9423747062683105,6.775945663452148,6.605616569519043,6.455984115600586,6.319520473480225,6.199486255645752,6.08411979675293,5.989926815032959,5.937948226928711,5.931434154510498,5.851217269897461,5.797781944274902,5.810896396636963,5.656476974487305,5.574386119842529,5.461544036865234,5.350058078765869,5.263197422027588,5.214776515960693,5.0845046043396,4.987066268920898,4.922695159912109,4.85352897644043,4.801511764526367,4.771949291229248,4.758948802947998,4.751287937164307,4.717733860015869,4.71380615234375,4.735141277313232
7.805702209472656,7.805990695953369,7.828699111938477,7.832228183746338,7.822519302368164,7.809412002563477,7.767671585083008,7.68135929107666,7.57915735244751,7.461528301239014,7.336010932922363,7.20933198928833,7.085534572601318,6.968703746795654,6.8511881828308105,6.732986927032471,6.624562740325928,6.519904136657715,6.429065227508545,6.343719482421875,6.257622718811035,6.213517189025879,6.091980457305908,6.010351181030273,5.980047702789307,5.947719097137451,5.8989129066467285,5.833778381347656,5.784884929656982,5.728506088256836,5.665056228637695,5.610212802886963,5.538679599761963,5.4320549964904785,5.313695430755615,5.222838401794434,5.129056930541992,5.0388288497924805,4.975034713745117,4.92377233505249,4.895806312561035,4.8699631690979,4.862157344818115,4.880247592926025
7.48483943939209,7.477914810180664,7.498122692108154,7.504101753234863,7.501442909240723,7.474344730377197,7.420563220977783,7.346546649932861,7.264007091522217,7.1765031814575195,7.102672576904297,7.028234958648682,6.975762367248535,6.9542460441589355,6.916560173034668,6.828517913818359,6.77106237411499,6.648977279663086,6.594215393066406,6.543237209320068,6.4826154708862305,6.464692115783691,6.568994045257568,6.425934314727783,6.301121234893799,6.273617267608643,6.2617692947387695,6.188142776489258,6.0758538246154785,6.039233684539795,5.984155654907227,5.860184192657471,5.744143009185791,5.641238689422607,5.5485405921936035,5.571007251739502,5.449983596801758,5.315685749053955,5.253140449523926,5.1504716873168945,5.103233337402344,5.062867641448975,5.043521881103516,5.055166244506836
