DATA/HARM750/wind130m_forecast_202202170000_HARM750_WFP_DT.json
{"header": {"parameterCategory": 2, "parameterNumber": 2, "lo1": 2.5592522500000006, "la1": 51.349378259999995, "dx": 0.01049999999999951, "dy": 0.010500000000007503, "nx": 64, "ny": 52, "refTime": "2022-02-17T00:00:00.000000000"}, "data":
[rows 0 to 18 of 52, columns 0 to 43 of 64]
21.079492568969727,21.13686752319336,21.19350814819336,21.250980377197266,21.308168411254883,21.36495018005371,21.41817855834961,21.472461700439453,21.525537490844727,21.579816818237305,21.636240005493164,21.68816566467285,21.7408447265625,21.792879104614258,21.84014320373535,21.889230728149414,21.934099197387695,21.977903366088867,22.020402908325195,22.05929946899414,22.097143173217773,22.131635665893555,22.16605567932129,22.19529914855957,22.220903396606445,22.244457244873047,22.26142692565918,22.2812442779541,22.292631149291992,22.307836532592773,22.31641960144043,22.325393676757812,22.328372955322266,22.33297348022461,22.333459854125977,22.332504272460938,22.333450317382812,22.328956604003906,22.32906723022461,22.32305908203125,22.31558609008789,22.30744171142578,22.298280715942383,22.28656768798828
21.41672134399414,21.475194931030273,21.53338050842285,21.59311866760254,21.650461196899414,21.707866668701172,21.765499114990234,21.81957244873047,21.873106002807617,21.923229217529297,21.96844482421875,22.01581573486328,22.06008529663086,22.10223388671875,22.14484977722168,22.185476303100586,22.222639083862305,22.26168441772461,22.292593002319336,22.32925033569336,22.354778289794922,22.390953063964844,22.4150390625,22.450605392456055,22.468442916870117,22.498342514038086,22.514646530151367,22.53730583190918,22.550004959106445,22.567333221435547,22.57979393005371,22.590295791625977,22.600955963134766,22.60427474975586,22.610702514648438,22.610151290893555,22.608190536499023,22.604583740234375,22.596847534179688,22.588783264160156,22.580280303955078,22.568199157714844,22.553987503051758,22.53912925720215
21.762401580810547,21.8102970123291,21.861434936523438,21.9095401763916,21.959714889526367,22.010663986206055,22.060312271118164,22.114957809448242,22.163328170776367,22.21354103088379,22.261457443237305,22.309890747070312,22.35169792175293,22.400339126586914,22.43927001953125,22.484172821044922,22.520469665527344,22.561302185058594,22.593185424804688,22.63031005859375,22.657150268554688,22.688249588012695,22.7063045501709,22.728233337402344,22.74503517150879,22.761104583740234,22.774429321289062,22.785724639892578,22.798439025878906,22.805376052856445,22.81317901611328,22.819772720336914,22.822860717773438,22.830543518066406,22.830808639526367,22.83428382873535,22.835485458374023,22.83490562438965,22.83393096923828,22.830062866210938,22.82518196105957,22.818389892578125,22.81146812438965,22.802034378051758
22.12042808532715,22.168058395385742,22.216171264648438,22.26688575744629,22.315526962280273,22.36412239074707,22.40761947631836,22.449674606323242,22.488805770874023,22.534311294555664,22.567886352539062,22.611600875854492,22.644372940063477,22.684940338134766,22.71455192565918,22.754331588745117,22.779441833496094,22.81605339050293,22.842599868774414,22.87481689453125,22.903783798217773,22.92662811279297,22.952028274536133,22.970335006713867,22.989683151245117,23.004987716674805,23.019046783447266,23.032808303833008,23.040700912475586,23.055370330810547,23.061616897583008,23.070371627807617,23.074495315551758,23.075544357299805,23.075910568237305,23.073362350463867,23.06892204284668,23.065887451171875,23.061241149902344,23.054576873779297,23.04656982421875,23.035995483398438,23.02891731262207,23.01334571838379
22.436986923217773,22.47651481628418,22.516618728637695,22.560558319091797,22.604328155517578,22.650047302246094,22.69002342224121,22.73418426513672,22.773996353149414,22.81412696838379,22.854267120361328,22.89352035522461,22.929014205932617,22.96685218811035,23.001564025878906,23.03460693359375,23.069210052490234,23.09793472290039,23.12380027770996,23.149057388305664,23.16472625732422,23.18888282775879,23.197175979614258,23.217439651489258,23.221885681152344,23.236515045166016,23.239364624023438,23.24725341796875,23.250478744506836,23.25447654724121,23.26105308532715,23.266225814819336,23.268047332763672,23.27137565612793,23.27179718017578,23.271472930908203,23.27147674560547,23.269039154052734,23.268146514892578,23.26394271850586,23.264699935913086,23.25674057006836,23.251890182495117,23.241283416748047
22.781618118286133,22.819366455078125,22.85536003112793,22.890573501586914,22.92266273498535,22.956554412841797,22.990449905395508,23.022445678710938,23.053852081298828,23.085798263549805,23.116512298583984,23.145259857177734,23.17732810974121,23.202293395996094,23.23284912109375,23.263628005981445,23.287851333618164,23.32105827331543,23.340391159057617,23.36823844909668,23.385421752929688,23.407052993774414,23.4193115234375,23.43391227722168,23.443498611450195,23.453840255737305,23.459104537963867,23.466726303100586,23.468626022338867,23.47402000427246,23.47141456604004,23.470766067504883,23.469335556030273,23.46466827392578,23.461000442504883,23.454965591430664,23.452112197875977,23.44479751586914,23.44268226623535,23.435544967651367,23.431598663330078,23.424644470214844,23.421144485473633,23.410717010498047
23.053613662719727,23.084688186645508,23.11823272705078,23.149063110351562,23.18286895751953,23.21402359008789,23.245378494262695,23.276376724243164,23.307151794433594,23.33851432800293,23.364063262939453,23.398056030273438,23.417760848999023,23.456233978271484,23.473854064941406,23.50505256652832,23.52349090576172,23.545352935791016,23.563547134399414,23.581247329711914,23.596120834350586,23.607868194580078,23.616474151611328,23.622636795043945,23.625768661499023,23.629724502563477,23.630054473876953,23.63187026977539,23.631874084472656,23.631982803344727,23.630958557128906,23.628767013549805,23.6252498626709,23.62186050415039,23.618858337402344,23.612600326538086,23.60788345336914,23.605958938598633,23.604766845703125,23.601083755493164,23.598173141479492,23.591888427734375,23.585289001464844,23.5781192779541
23.338132858276367,23.361326217651367,23.382673263549805,23.40715789794922,23.42824935913086,23.453824996948242,23.47282600402832,23.499990463256836,23.51676368713379,23.54391098022461,23.5611515045166,23.58485984802246,23.607120513916016,23.628536224365234,23.654773712158203,23.677204132080078,23.698740005493164,23.720823287963867,23.7382755279541,23.75701141357422,23.77045249938965,23.784229278564453,23.79098129272461,23.797588348388672,23.800683975219727,23.801353454589844,23.801067352294922,23.797027587890625,23.79195785522461,23.78518295288086,23.77877426147461,23.771604537963867,23.761672973632812,23.755159378051758,23.742446899414062,23.7364501953125,23.72493553161621,23.720151901245117,23.71312713623047,23.712636947631836,23.705936431884766,23.70354461669922,23.696584701538086,23.693342208862305
23.5502986907959,23.574052810668945,23.592910766601562,23.617420196533203,23.633514404296875,23.657085418701172,23.67635154724121,23.69614601135254,23.717363357543945,23.734399795532227,23.756790161132812,23.773595809936523,23.791309356689453,23.806968688964844,23.824296951293945,23.841690063476562,23.85900115966797,23.873859405517578,23.888853073120117,23.90060806274414,23.911712646484375,23.918437957763672,23.92295265197754,23.92268180847168,23.92308807373047,23.920700073242188,23.91677474975586,23.91155433654785,23.904441833496094,23.897953033447266,23.887313842773438,23.879657745361328,23.869836807250977,23.85907554626465,23.848201751708984,23.839298248291016,23.826885223388672,23.82269859313965,23.812755584716797,23.810623168945312,23.800344467163086,23.800283432006836,23.78861427307129,23.787517547607422
23.747562408447266,23.76349449157715,23.777856826782227,23.78913116455078,23.806804656982422,23.815797805786133,23.83196258544922,23.84345054626465,23.857938766479492,23.871768951416016,23.88609504699707,23.900592803955078,23.914897918701172,23.928756713867188,23.945322036743164,23.960195541381836,23.977691650390625,23.990297317504883,24.00616455078125,24.015888214111328,24.02812385559082,24.032934188842773,24.03667449951172,24.03598976135254,24.031774520874023,24.026575088500977,24.017793655395508,24.009695053100586,23.997987747192383,23.986370086669922,23.9731388092041,23.960216522216797,23.942768096923828,23.932893753051758,23.915796279907227,23.90253448486328,23.889179229736328,23.87989616394043,23.873119354248047,23.867345809936523,23.860111236572266,23.857370376586914,23.850549697875977,23.850074768066406
23.892608642578125,23.899301528930664,23.915626525878906,23.92544174194336,23.93729591369629,23.948537826538086,23.959985733032227,23.968767166137695,23.981306076049805,23.987071990966797,23.99828338623047,24.00309181213379,24.015430450439453,24.020122528076172,24.036149978637695,24.04521942138672,24.059255599975586,24.06936264038086,24.08009910583496,24.08856964111328,24.094951629638672,24.10003089904785,24.099943161010742,24.096847534179688,24.092456817626953,24.08462142944336,24.076143264770508,24.066205978393555,24.053014755249023,24.042478561401367,24.024381637573242,24.010665893554688,23.993330001831055,23.977039337158203,23.958154678344727,23.94772720336914,23.926790237426758,23.920358657836914,23.905502319335938,23.904661178588867,23.8929443359375,23.892213821411133,23.883588790893555,23.880979537963867
23.988981246948242,23.99742889404297,24.007282257080078,24.00969696044922,24.02289581298828,24.022573471069336,24.036439895629883,24.037015914916992,24.047765731811523,24.048370361328125,24.05910873413086,24.06085777282715,24.068601608276367,24.074321746826172,24.083250045776367,24.094404220581055,24.105348587036133,24.114625930786133,24.123428344726562,24.130817413330078,24.13684844970703,24.13886070251465,24.13730812072754,24.132789611816406,24.12420082092285,24.117122650146484,24.104347229003906,24.09282112121582,24.079832077026367,24.063232421875,24.04670524597168,24.030609130859375,24.00835609436035,23.993663787841797,23.970449447631836,23.95724868774414,23.938060760498047,23.926956176757812,23.913700103759766,23.90885353088379,23.90121841430664,23.896860122680664,23.89140510559082,23.88937759399414
24.0494441986084,24.051443099975586,24.063156127929688,24.065189361572266,24.07257843017578,24.07420539855957,24.078771591186523,24.07891845703125,24.08356285095215,24.085214614868164,24.086027145385742,24.089279174804688,24.091779708862305,24.093809127807617,24.10078239440918,24.107751846313477,24.116073608398438,24.123674392700195,24.130168914794922,24.13521957397461,24.13890266418457,24.14103126525879,24.136653900146484,24.131622314453125,24.122711181640625,24.1126708984375,24.100587844848633,24.089876174926758,24.070388793945312,24.059995651245117,24.03759002685547,24.020109176635742,24.00067138671875,23.981428146362305,23.962709426879883,23.943347930908203,23.925945281982422,23.911699295043945,23.902873992919922,23.893281936645508,23.88671112060547,23.88294219970703,23.878080368041992,23.876007080078125
24.060287475585938,24.063077926635742,24.069440841674805,24.072528839111328,24.07524299621582,24.077537536621094,24.075891494750977,24.07859230041504,24.077302932739258,24.077749252319336,24.07825469970703,24.07573127746582,24.07703399658203,24.076976776123047,24.08027458190918,24.085416793823242,24.090919494628906,24.095844268798828,24.100440979003906,24.105274200439453,24.10698699951172,24.10820198059082,24.105003356933594,24.09917449951172,24.088932037353516,24.082555770874023,24.06821060180664,24.05615234375,24.043453216552734,24.026185989379883,24.006994247436523,23.989612579345703,23.9664306640625,23.949892044067383,23.927202224731445,23.910505294799805,23.890018463134766,23.87791633605957,23.864093780517578,23.859237670898438,23.848918914794922,23.844751358032227,23.838462829589844,23.836803436279297
24.01968765258789,24.026935577392578,24.029951095581055,24.033536911010742,24.037046432495117,24.03676986694336,24.041072845458984,24.03668975830078,24.038742065429688,24.035802841186523,24.035070419311523,24.03390884399414,24.031827926635742,24.030771255493164,24.032981872558594,24.036575317382812,24.03965187072754,24.042827606201172,24.04495620727539,24.04627799987793,24.04673194885254,24.04620933532715,24.040565490722656,24.034469604492188,24.026365280151367,24.013916015625,24.002914428710938,23.99082374572754,23.973527908325195,23.96171760559082,23.942276000976562,23.925077438354492,23.905330657958984,23.88939666748047,23.868181228637695,23.85552215576172,23.83571434020996,23.82574462890625,23.812942504882812,23.807880401611328,23.800973892211914,23.79584312438965,23.789676666259766,23.787748336791992
23.954776763916016,23.958168029785156,23.964345932006836,23.964351654052734,23.968015670776367,23.967937469482422,23.967411041259766,23.966632843017578,23.96347427368164,23.95966339111328,23.956634521484375,23.95226287841797,23.949602127075195,23.946142196655273,23.944406509399414,23.947710037231445,23.950395584106445,23.95431900024414,23.955951690673828,23.958688735961914,23.9591064453125,23.958019256591797,23.956153869628906,23.949764251708984,23.940935134887695,23.935394287109375,23.921846389770508,23.911731719970703,23.89584732055664,23.883949279785156,23.86349868774414,23.849367141723633,23.827043533325195,23.811302185058594,23.793731689453125,23.7761173248291,23.76148796081543,23.747039794921875,23.738018035888672,23.728811264038086,23.72164535522461,23.71864891052246,23.71666145324707,23.71483612060547
23.839599609375,23.8474063873291,23.852331161499023,23.85934829711914,23.861953735351562,23.865882873535156,23.867244720458984,23.867124557495117,23.866100311279297,23.864425659179688,23.861543655395508,23.85904884338379,23.85521697998047,23.850868225097656,23.849014282226562,23.848146438598633,23.84905433654785,23.84933090209961,23.849714279174805,23.849929809570312,23.846729278564453,23.847389221191406,23.839075088500977,23.834566116333008,23.823619842529297,23.815603256225586,23.803680419921875,23.795143127441406,23.78349494934082,23.772003173828125,23.759681701660156,23.743310928344727,23.73214340209961,23.71565055847168,23.702417373657227,23.688858032226562,23.675827026367188,23.664976119995117,23.656326293945312,23.64814567565918,23.64276885986328,23.63694190979004,23.6339054107666,23.63204002380371
23.707569122314453,23.714975357055664,23.720382690429688,23.724985122680664,23.728647232055664,23.731653213500977,23.7324161529541,23.73179817199707,23.729755401611328,23.727230072021484,23.724775314331055,23.721572875976562,23.719335556030273,23.71709442138672,23.716257095336914,23.7182559967041,23.719717025756836,23.72138023376465,23.72278594970703,23.72310447692871,23.725194931030273,23.721454620361328,23.721406936645508,23.71435546875,23.70919418334961,23.69691276550293,23.690637588500977,23.676559448242188,23.667781829833984,23.65289878845215,23.641366958618164,23.627452850341797,23.613977432250977,23.599632263183594,23.586877822875977,23.572471618652344,23.561981201171875,23.550045013427734,23.54269790649414,23.53818130493164,23.53371238708496,23.53116798400879,23.52880859375,23.528650283813477
23.539094924926758,23.55059051513672,23.560096740722656,23.568830490112305,23.576929092407227,23.583438873291016,23.589099884033203,23.592477798461914,23.593276977539062,23.592144012451172,23.590185165405273,23.58766746520996,23.584951400756836,23.581748962402344,23.578784942626953,23.57831382751465,23.57932472229004,23.576522827148438,23.577470779418945,23.57286834716797,23.572954177856445,23.5666561126709,23.567626953125,23.555339813232422,23.555818557739258,23.546234130859375,23.542695999145508,23.53315544128418,23.52779769897461,23.5178279876709,23.510400772094727,23.499223709106445,23.490957260131836,23.4799747467041,23.471328735351562,23.46175765991211,23.450401306152344,23.441741943359375,23.434391021728516,23.427642822265625,23.422563552856445,23.418346405029297,23.415325164794922,23.412334442138672
