DATA/HARM750/wind130m_forecast_202202170000_HARM750_WFP_DT.json
{"header": {"parameterCategory": 2, "parameterNumber": 2, "lo1": 2.2127522500000008, "la1": 52.23137826, "dx": 0.01049999999999951, "dy": 0.010500000000000398, "nx": 131, "ny": 119, "refTime": "2022-02-17T00:00:00.000000000"}, "data":
[rows 19 to 37 of 119, columns 0 to 43 of 131]
0.49930545687675476,0.5015134811401367,0.5030879378318787,0.5049667358398438,0.5077141523361206,0.5095604658126831,0.5117011666297913,0.5128044486045837,0.5152378678321838,0.5156348347663879,0.5167626142501831,0.5152392983436584,0.5147547125816345,0.5121897459030151,0.5085726976394653,0.5045990943908691,0.500649631023407,0.4948502779006958,0.4900054931640625,0.4823448956012726,0.4748411476612091,0.46629026532173157,0.4580211043357849,0.44876617193222046,0.43916475772857666,0.4286588728427887,0.4176168143749237,0.40695956349372864,0.39543047547340393,0.3847806751728058,0.373994380235672,0.36290255188941956,0.3516550660133362,0.34294775128364563,0.33147385716438293,0.32102495431900024,0.3098951578140259,0.3003920316696167,0.2909422218799591,0.2848966717720032,0.2786332666873932,0.2750079035758972,0.27106186747550964,0.2702775001525879
0.4775795340538025,0.47853752970695496,0.4799685478210449,0.48168396949768066,0.48318079113960266,0.4842830300331116,0.4862646460533142,0.48646652698516846,0.4869785010814667,0.4864032566547394,0.48602408170700073,0.4838173985481262,0.4804956614971161,0.4764694273471832,0.47215649485588074,0.4657605290412903,0.4599209129810333,0.4535241425037384,0.4455983638763428,0.43742817640304565,0.42900213599205017,0.4196259677410126,0.40997377038002014,0.3997340500354767,0.38931211829185486,0.37958231568336487,0.36931565403938293,0.3586759567260742,0.3482062816619873,0.3373531699180603,0.327012836933136,0.3173280954360962,0.3082957863807678,0.29863348603248596,0.2904413938522339,0.2814919650554657,0.2704671025276184,0.2646280825138092,0.2549585700035095,0.2519672214984894,0.24570104479789734,0.2450265884399414,0.24289767444133759,0.24502423405647278
0.4571238160133362,0.45803922414779663,0.45838671922683716,0.4586937427520752,0.45928260684013367,0.45913562178611755,0.4590217173099518,0.45875221490859985,0.45762917399406433,0.45595526695251465,0.45371702313423157,0.4499920606613159,0.44709739089012146,0.440951406955719,0.43656274676322937,0.43046319484710693,0.42340612411499023,0.41550785303115845,0.4083515703678131,0.40068796277046204,0.391299843788147,0.38273903727531433,0.3728012144565582,0.36321157217025757,0.35373198986053467,0.34347003698349,0.3335871696472168,0.3231186866760254,0.31233611702919006,0.3015761375427246,0.2909626364707947,0.2819013297557831,0.2719413638114929,0.2641540765762329,0.25440168380737305,0.24685987830162048,0.23935873806476593,0.23230360448360443,0.2273869812488556,0.22346290946006775,0.22147636115550995,0.22194287180900574,0.2239440232515335,0.23060300946235657
0.43874233961105347,0.4394991099834442,0.43999066948890686,0.4407324194908142,0.4406406581401825,0.44058868288993835,0.4400706887245178,0.4385005831718445,0.43765631318092346,0.43492674827575684,0.4323442876338959,0.42807456851005554,0.42330968379974365,0.41772815585136414,0.41168466210365295,0.4035246670246124,0.3966201841831207,0.3872397243976593,0.37977951765060425,0.36934709548950195,0.36175599694252014,0.3498844802379608,0.34182944893836975,0.33095818758010864,0.3211640417575836,0.3107551336288452,0.300629198551178,0.2905464768409729,0.2806601822376251,0.2715264856815338,0.2626895308494568,0.2542641758918762,0.24616919457912445,0.23909775912761688,0.2324611246585846,0.2266501784324646,0.22076088190078735,0.21797004342079163,0.21423198282718658,0.21362343430519104,0.2145043909549713,0.21711386740207672,0.2223716676235199,0.23120316863059998
0.42484545707702637,0.42665496468544006,0.4264492988586426,0.42730188369750977,0.42704564332962036,0.4260406494140625,0.42503127455711365,0.42335161566734314,0.4207010567188263,0.41730934381484985,0.4143560528755188,0.4082299470901489,0.4038248658180237,0.39528724551200867,0.39004892110824585,0.38032880425453186,0.37505900859832764,0.36431288719177246,0.35732460021972656,0.3463262617588043,0.33825671672821045,0.3287242352962494,0.3191739618778229,0.30913063883781433,0.30044031143188477,0.29043781757354736,0.28154340386390686,0.27203336358070374,0.26317888498306274,0.2547229826450348,0.24646876752376556,0.2391512393951416,0.2325754165649414,0.22668343782424927,0.22195732593536377,0.2183554321527481,0.2145058959722519,0.21309353411197662,0.21349406242370605,0.21591433882713318,0.21866095066070557,0.2268749475479126,0.23461751639842987,0.24689164757728577
0.41350170969963074,0.4160701632499695,0.41690608859062195,0.417664498090744,0.4167170822620392,0.41681885719299316,0.41483432054519653,0.4128319025039673,0.41073834896087646,0.4064754843711853,0.40307846665382385,0.39753374457359314,0.3919233977794647,0.3836449682712555,0.37719470262527466,0.3687240183353424,0.361771821975708,0.3515842854976654,0.3430786430835724,0.3333423435688019,0.32468095421791077,0.31399625539779663,0.30578380823135376,0.2956313192844391,0.28710493445396423,0.27811476588249207,0.27027538418769836,0.26111307740211487,0.2536223828792572,0.2455437183380127,0.23916774988174438,0.23356448113918304,0.22884418070316315,0.22616778314113617,0.22286692261695862,0.22153621912002563,0.22111481428146362,0.2226988524198532,0.224992573261261,0.23030921816825867,0.2367447316646576,0.24522575736045837,0.255830317735672,0.27280133962631226
0.4084758162498474,0.41196274757385254,0.412470281124115,0.41432425379753113,0.4134412705898285,0.41256237030029297,0.411283940076828,0.40895023941993713,0.4060051143169403,0.4025501310825348,0.39807426929473877,0.3919326663017273,0.3858189284801483,0.378799170255661,0.37152019143104553,0.3627273142337799,0.35516294836997986,0.3455864191055298,0.3387407958507538,0.3273206651210785,0.3208156228065491,0.30940309166908264,0.3028836250305176,0.2928448021411896,0.28620314598083496,0.27686357498168945,0.27035367488861084,0.26198408007621765,0.2557353973388672,0.24959145486354828,0.24448227882385254,0.23986662924289703,0.23698605597019196,0.23486743867397308,0.23393622040748596,0.23534004390239716,0.23687276244163513,0.24236144125461578,0.24676324427127838,0.25615057349205017,0.2634473443031311,0.27800682187080383,0.2891860902309418,0.3087238669395447
0.4089549779891968,0.4121147096157074,0.41508355736732483,0.41571033000946045,0.4161461591720581,0.41584092378616333,0.4137641191482544,0.4120294451713562,0.40897876024246216,0.40524187684059143,0.40060579776763916,0.39513838291168213,0.38913068175315857,0.3818393051624298,0.3752656877040863,0.3658744990825653,0.3591993451118469,0.3495370149612427,0.3429676592350006,0.33260631561279297,0.32537031173706055,0.31576836109161377,0.3093136250972748,0.2996668517589569,0.29420700669288635,0.2863820493221283,0.28080952167510986,0.27372798323631287,0.2700456976890564,0.264297753572464,0.26224371790885925,0.2593836784362793,0.25850459933280945,0.259020060300827,0.26090461015701294,0.26445305347442627,0.2684887647628784,0.27502119541168213,0.28225648403167725,0.2931259274482727,0.3030822277069092,0.31767046451568604,0.3323708176612854,0.3522161841392517
0.4140716791152954,0.41944941878318787,0.4209725856781006,0.4241052567958832,0.4229294955730438,0.42381125688552856,0.4218762218952179,0.4202039837837219,0.41684961318969727,0.4138270616531372,0.40980085730552673,0.40451499819755554,0.3989863097667694,0.3920466899871826,0.3855647146701813,0.3786633014678955,0.3716928958892822,0.3633699417114258,0.3564417064189911,0.3482132852077484,0.34248343110084534,0.3333256244659424,0.32735973596572876,0.31948819756507874,0.3139384388923645,0.30679067969322205,0.30341702699661255,0.29740607738494873,0.2941713035106659,0.29077601432800293,0.2890019714832306,0.2875991761684418,0.28866562247276306,0.2902364730834961,0.29338714480400085,0.29851171374320984,0.3045508563518524,0.3126441538333893,0.3227650225162506,0.33481863141059875,0.3493131995201111,0.36482611298561096,0.38182610273361206,0.40297797322273254
0.4252890646457672,0.43330061435699463,0.4347831606864929,0.43874090909957886,0.43827399611473083,0.43931230902671814,0.4375167191028595,0.4366348087787628,0.43375369906425476,0.43099892139434814,0.4271806478500366,0.42219382524490356,0.41666069626808167,0.4112025499343872,0.40549764037132263,0.3986835777759552,0.3925260901451111,0.38513147830963135,0.3787010908126831,0.3714429438114166,0.365265816450119,0.3581402897834778,0.3522113561630249,0.34526628255844116,0.3407617211341858,0.3365229070186615,0.3320068418979645,0.3301354944705963,0.32744476199150085,0.3265688121318817,0.3265087902545929,0.3280113637447357,0.3304809331893921,0.33437931537628174,0.340152770280838,0.34738805890083313,0.35680922865867615,0.3673853278160095,0.3791283071041107,0.3927020728588104,0.40658679604530334,0.4234398305416107,0.44130846858024597,0.46192029118537903
0.44793909788131714,0.45061615109443665,0.4561162292957306,0.4581168293952942,0.4584275782108307,0.4591485857963562,0.4577104449272156,0.4569810926914215,0.45462390780448914,0.4524138867855072,0.4480201005935669,0.44470956921577454,0.4410623013973236,0.4365236163139343,0.43220067024230957,0.4271535575389862,0.4220038056373596,0.41689226031303406,0.4121240973472595,0.4066997170448303,0.4016594886779785,0.39682868123054504,0.3921564519405365,0.38950973749160767,0.38488513231277466,0.3819884657859802,0.3796406686306,0.3763030469417572,0.37542301416397095,0.3750474154949188,0.3761819899082184,0.37734392285346985,0.38107869029045105,0.3851073384284973,0.3916001617908478,0.3994428515434265,0.40875956416130066,0.41972386837005615,0.4319751262664795,0.4456813633441925,0.46110206842422485,0.4785884618759155,0.4978037476539612,0.5194188356399536
0.4716452956199646,0.47655150294303894,0.48196882009506226,0.48321613669395447,0.48687079548835754,0.4856133460998535,0.48729899525642395,0.48615869879722595,0.4853859543800354,0.48331403732299805,0.4823347330093384,0.4794716238975525,0.4764269292354584,0.4730394780635834,0.4689902067184448,0.46544119715690613,0.4616865813732147,0.45730894804000854,0.453120619058609,0.44896960258483887,0.44504058361053467,0.4400901794433594,0.4379757344722748,0.4334479868412018,0.4320656359195709,0.42785340547561646,0.4270249307155609,0.42523232102394104,0.42582088708877563,0.4266588091850281,0.43002238869667053,0.4332412779331207,0.4383811056613922,0.44475364685058594,0.45288148522377014,0.46216920018196106,0.4735792875289917,0.48594334721565247,0.4996238052845001,0.5151931047439575,0.5320000052452087,0.5495372414588928,0.5678610801696777,0.587591826915741
0.5052087903022766,0.5089590549468994,0.514151930809021,0.5162582993507385,0.5175913572311401,0.5188499689102173,0.5196334719657898,0.5178114771842957,0.5185325145721436,0.5165281295776367,0.5159769058227539,0.5142331719398499,0.5121962428092957,0.509718656539917,0.507922351360321,0.5062119960784912,0.5039008259773254,0.5025230646133423,0.5006025433540344,0.4976827800273895,0.4965675473213196,0.49439695477485657,0.4926275312900543,0.4913599491119385,0.4904687702655792,0.4904351234436035,0.4913841784000397,0.491476833820343,0.4939342737197876,0.49497732520103455,0.49789467453956604,0.5019100904464722,0.5074334144592285,0.5130500793457031,0.5210421681404114,0.5303252935409546,0.5409792065620422,0.552992582321167,0.5665123462677002,0.5810813307762146,0.5964787006378174,0.6132405400276184,0.63152676820755,0.6509789824485779
0.5393276214599609,0.5452784299850464,0.5488037467002869,0.5524181127548218,0.554921567440033,0.5569045543670654,0.5573327541351318,0.5601892471313477,0.559048056602478,0.5606899261474609,0.5603458285331726,0.560645341873169,0.5615445375442505,0.5621236562728882,0.5623818039894104,0.5614579319953918,0.5614743828773499,0.5602118968963623,0.5589656829833984,0.5582844614982605,0.5556429028511047,0.554855227470398,0.5531105399131775,0.5530742406845093,0.5516204833984375,0.5526931285858154,0.5526924729347229,0.5545081496238708,0.5550340414047241,0.5581493377685547,0.5621623992919922,0.5661978721618652,0.573201060295105,0.581547200679779,0.5901926755905151,0.6010347604751587,0.6130736470222473,0.6263921856880188,0.640625,0.6558617353439331,0.6725249886512756,0.6900672316551208,0.7087832689285278,0.7281068563461304
0.5867172479629517,0.5910820960998535,0.594355046749115,0.5978232026100159,0.5985954999923706,0.6021989583969116,0.6033746004104614,0.6044544577598572,0.6061691045761108,0.6058635115623474,0.6066858172416687,0.6088364124298096,0.6101128458976746,0.6113787293434143,0.6127493381500244,0.6135083436965942,0.6143216490745544,0.6153178215026855,0.6161283850669861,0.6164397597312927,0.6168932914733887,0.6176514029502869,0.6178545355796814,0.6200088262557983,0.6209016442298889,0.6238782405853271,0.6251458525657654,0.6290349960327148,0.6315407156944275,0.6375300884246826,0.6409282088279724,0.6496655941009521,0.6539567112922668,0.6619980335235596,0.6706393361091614,0.6807708144187927,0.691964864730835,0.7039794921875,0.7168774008750916,0.7306398153305054,0.7463832497596741,0.7622810006141663,0.7789729237556458,0.7966314554214478
0.6302404403686523,0.6330708265304565,0.6380345821380615,0.6386752724647522,0.6443694829940796,0.6453858017921448,0.6503792405128479,0.6517119407653809,0.6545834541320801,0.6569773554801941,0.6606801152229309,0.6637378931045532,0.6675423383712769,0.6711333394050598,0.6740975379943848,0.6780937314033508,0.6812938451766968,0.684646725654602,0.6864719986915588,0.6876211762428284,0.6888038516044617,0.6900095343589783,0.6913087368011475,0.6918929815292358,0.6939637064933777,0.6957718729972839,0.6978738903999329,0.7010453343391418,0.704314649105072,0.7086564302444458,0.7136515378952026,0.7193982005119324,0.7264979481697083,0.7343876957893372,0.7424564957618713,0.7549756765365601,0.7663798928260803,0.7799501419067383,0.7938047051429749,0.8091962337493896,0.8242796659469604,0.8412259221076965,0.8583848476409912,0.8763617873191833
0.6835163235664368,0.6870107054710388,0.6915294528007507,0.6949238777160645,0.6989124417304993,0.7012941241264343,0.7051814198493958,0.7066898941993713,0.7121323943138123,0.7137719392776489,0.718038022518158,0.7216663956642151,0.7259414792060852,0.7296422719955444,0.7340948581695557,0.7372389435768127,0.7414845824241638,0.7450718283653259,0.7474984526634216,0.7496795058250427,0.7514259815216064,0.7535831332206726,0.7563657760620117,0.7591559290885925,0.7624332308769226,0.7655686736106873,0.771203875541687,0.7748181223869324,0.7813327312469482,0.7868731021881104,0.794006884098053,0.8019568920135498,0.8099588751792908,0.8201339244842529,0.8308737874031067,0.8413642644882202,0.8523998856544495,0.8658124804496765,0.8773671984672546,0.8918226361274719,0.9057523012161255,0.9212632179260254,0.936411440372467,0.952799916267395
0.7332854866981506,0.7367163896560669,0.7404852509498596,0.7445821166038513,0.7478607892990112,0.7519749402999878,0.7555418014526367,0.7601026296615601,0.7651902437210083,0.768953263759613,0.7753590941429138,0.7796592712402344,0.7872942686080933,0.7916980385780334,0.7984932661056519,0.8038463592529297,0.8094449639320374,0.8142805695533752,0.8191635608673096,0.8217958211898804,0.8251211047172546,0.8277664184570312,0.8302459120750427,0.8334081768989563,0.836532711982727,0.8400890827178955,0.8434257507324219,0.8491975665092468,0.8542501330375671,0.8604438304901123,0.8676080107688904,0.8748885989189148,0.8843210339546204,0.8924822807312012,0.9034509062767029,0.9146272540092468,0.9267957210540771,0.9378095269203186,0.9535192847251892,0.966987133026123,0.9834441542625427,0.9994170665740967,1.0157384872436523,1.032046914100647
0.789089560508728,0.7929482460021973,0.7975972890853882,0.8023661375045776,0.8085293769836426,0.8132070302963257,0.819840133190155,0.8242621421813965,0.8290144205093384,0.8338878750801086,0.8397407531738281,0.8458526134490967,0.8512046337127686,0.8569368720054626,0.8632739186286926,0.8676552176475525,0.8745781183242798,0.8783039450645447,0.8819724321365356,0.884575366973877,0.8873974084854126,0.8893919587135315,0.8928425908088684,0.8959540724754333,0.8993577361106873,0.9046652317047119,0.9098418354988098,0.9168558120727539,0.9240380525588989,0.9331248998641968,0.941248893737793,0.9516087770462036,0.9620004296302795,0.9728118181228638,0.9861705303192139,0.9974503517150879,1.0132323503494263,1.026451826095581,1.041293978691101,1.0547913312911987,1.0702840089797974,1.0834710597991943,1.0999042987823486,1.1138975620269775
