DATA/HARM750/wind130m_forecast_202202170000_HARM750_WFP_DT.json
{"header": {"parameterCategory": 2, "parameterNumber": 2, "lo1": 2.5592522500000006, "la1": 51.349378259999995, "dx": 0.01049999999999951, "dy": 0.010500000000007503, "nx": 64, "ny": 52, "refTime": "2022-02-17T00:00:00.000000000"}, "data":
[rows 19 to 37 of 52, columns 0 to 43 of 64]
23.360509872436523,23.36894989013672,23.378658294677734,23.38791275024414,23.394893646240234,23.402095794677734,23.407390594482422,23.410242080688477,23.412919998168945,23.415380477905273,23.41774559020996,23.41903305053711,23.421478271484375,23.420307159423828,23.424205780029297,23.42315673828125,23.42781639099121,23.427804946899414,23.431447982788086,23.428497314453125,23.431018829345703,23.42819595336914,23.42259979248047,23.419580459594727,23.411457061767578,23.40457534790039,23.397634506225586,23.388900756835938,23.38149642944336,23.372365951538086,23.362794876098633,23.352453231811523,23.342599868774414,23.333621978759766,23.323570251464844,23.315153121948242,23.309467315673828,23.303468704223633,23.29864501953125,23.296016693115234,23.294185638427734,23.291746139526367,23.292240142822266,23.2904052734375
23.171676635742188,23.18601417541504,23.198457717895508,23.211122512817383,23.224308013916016,23.234161376953125,23.241147994995117,23.246788024902344,23.250457763671875,23.25212287902832,23.256471633911133,23.255287170410156,23.257673263549805,23.25727081298828,23.257259368896484,23.259164810180664,23.259376525878906,23.25984764099121,23.25800132751465,23.260881423950195,23.256553649902344,23.256778717041016,23.256498336791992,23.253009796142578,23.250041961669922,23.24761962890625,23.241031646728516,23.239093780517578,23.231700897216797,23.22772789001465,23.220338821411133,23.215744018554688,23.208545684814453,23.20005989074707,23.192276000976562,23.184019088745117,23.176660537719727,23.168872833251953,23.16359519958496,23.157569885253906,23.154207229614258,23.150096893310547,23.146326065063477,23.144699096679688
22.968446731567383,22.980737686157227,22.993175506591797,23.004121780395508,23.014589309692383,23.025630950927734,23.039461135864258,23.04802703857422,23.058120727539062,23.066524505615234,23.07201385498047,23.081405639648438,23.08497428894043,23.091522216796875,23.094797134399414,23.10214614868164,23.103771209716797,23.109956741333008,23.110145568847656,23.11035919189453,23.109724044799805,23.10966682434082,23.10349464416504,23.10315704345703,23.09614372253418,23.09263801574707,23.08617401123047,23.079050064086914,23.071674346923828,23.065292358398438,23.05799102783203,23.05078125,23.0439453125,23.03919792175293,23.034317016601562,23.029417037963867,23.025041580200195,23.020801544189453,23.017757415771484,23.014917373657227,23.011924743652344,23.0109920501709,23.00963592529297,23.008642196655273
22.78284454345703,22.79852867126465,22.81315040588379,22.82478904724121,22.837574005126953,22.848838806152344,22.859050750732422,22.87167739868164,22.878019332885742,22.886381149291992,22.894502639770508,22.900104522705078,22.906774520874023,22.912704467773438,22.91626739501953,22.921072006225586,22.92502784729004,22.929155349731445,22.93160629272461,22.937719345092773,22.938541412353516,22.94194793701172,22.943187713623047,22.9420108795166,22.94163703918457,22.939714431762695,22.93631935119629,22.933176040649414,22.92957878112793,22.92459487915039,22.919321060180664,22.912351608276367,22.90524673461914,22.89931297302246,22.891576766967773,22.88615608215332,22.878490447998047,22.874658584594727,22.866018295288086,22.86261749267578,22.85550880432129,22.85253143310547,22.84581184387207,22.845178604125977
22.57839584350586,22.590656280517578,22.60341453552246,22.620790481567383,22.635204315185547,22.651756286621094,22.66724395751953,22.680137634277344,22.695411682128906,22.707658767700195,22.719392776489258,22.731531143188477,22.74302101135254,22.752098083496094,22.76338768005371,22.769372940063477,22.775606155395508,22.779037475585938,22.78571891784668,22.78618049621582,22.790794372558594,22.789859771728516,22.79166030883789,22.78952980041504,22.78789710998535,22.782955169677734,22.78046417236328,22.775218963623047,22.769969940185547,22.764511108398438,22.759023666381836,22.75633430480957,22.75145721435547,22.74755096435547,22.74248504638672,22.739484786987305,22.734132766723633,22.73072624206543,22.726207733154297,22.72356414794922,22.719188690185547,22.715373992919922,22.711767196655273,22.703411102294922
22.414018630981445,22.42679786682129,22.43903923034668,22.450584411621094,22.46474838256836,22.478086471557617,22.491458892822266,22.50482749938965,22.516496658325195,22.5284366607666,22.542667388916016,22.55183982849121,22.564868927001953,22.573183059692383,22.58574676513672,22.59402847290039,22.608596801757812,22.615215301513672,22.626617431640625,22.63241958618164,22.641332626342773,22.644771575927734,22.65027618408203,22.6508846282959,22.652896881103516,22.652894973754883,22.65128517150879,22.648292541503906,22.64303207397461,22.637264251708984,22.6312313079834,22.62510871887207,22.61789894104004,22.61269760131836,22.605161666870117,22.59725570678711,22.59084129333496,22.581436157226562,22.57680320739746,22.567087173461914,22.563983917236328,22.55640411376953,22.553667068481445,22.551864624023438
22.23682403564453,22.247270584106445,22.263383865356445,22.27600860595703,22.29254722595215,22.30546760559082,22.324758529663086,22.33779525756836,22.356937408447266,22.369651794433594,22.38939666748047,22.402191162109375,22.418611526489258,22.428253173828125,22.442596435546875,22.45258140563965,22.464813232421875,22.474613189697266,22.483715057373047,22.491464614868164,22.498275756835938,22.50429916381836,22.507715225219727,22.509965896606445,22.510080337524414,22.508853912353516,22.50714683532715,22.504770278930664,22.503036499023438,22.50006675720215,22.496431350708008,22.4915828704834,22.488920211791992,22.48139762878418,22.478450775146484,22.470918655395508,22.465002059936523,22.460176467895508,22.45127296447754,22.446109771728516,22.43617820739746,22.429759979248047,22.424577713012695,22.416767120361328
22.093692779541016,22.101179122924805,22.114402770996094,22.121824264526367,22.13853645324707,22.14611053466797,22.163537979125977,22.172422409057617,22.193376541137695,22.20439338684082,22.22265625,22.236215591430664,22.254545211791992,22.27107048034668,22.28809356689453,22.304311752319336,22.31879234313965,22.333751678466797,22.34691619873047,22.35964012145996,22.370052337646484,22.380016326904297,22.388042449951172,22.394140243530273,22.3958683013916,22.395246505737305,22.394258499145508,22.3918399810791,22.390005111694336,22.3840274810791,22.380563735961914,22.3740234375,22.366853713989258,22.36089515686035,22.350440979003906,22.34525489807129,22.335573196411133,22.32716178894043,22.31966781616211,22.312053680419922,22.303865432739258,22.30101776123047,22.289878845214844,22.289133071899414
21.957847595214844,21.965068817138672,21.976240158081055,21.98769760131836,22.000499725341797,22.01433563232422,22.028684616088867,22.045299530029297,22.060688018798828,22.07818603515625,22.094440460205078,22.110013961791992,22.12657928466797,22.143186569213867,22.160259246826172,22.17545509338379,22.19129753112793,22.205141067504883,22.218809127807617,22.231918334960938,22.243675231933594,22.25360870361328,22.26166343688965,22.2674617767334,22.27252197265625,22.277578353881836,22.279447555541992,22.282007217407227,22.279144287109375,22.280893325805664,22.274356842041016,22.27379035949707,22.266218185424805,22.262422561645508,22.255321502685547,22.249250411987305,22.237756729125977,22.234167098999023,22.21770477294922,22.214340209960938,22.20081329345703,22.192581176757812,22.18231773376465,22.176130294799805
21.84107780456543,21.84831428527832,21.855302810668945,21.86393165588379,21.871347427368164,21.883516311645508,21.894067764282227,21.908506393432617,21.923538208007812,21.941431045532227,21.95854377746582,21.97888946533203,21.997573852539062,22.016340255737305,22.036413192749023,22.055395126342773,22.07478904724121,22.092233657836914,22.11003303527832,22.125385284423828,22.141469955444336,22.154497146606445,22.163373947143555,22.17253303527832,22.17605972290039,22.183752059936523,22.183698654174805,22.187976837158203,22.183929443359375,22.185514450073242,22.177980422973633,22.17794418334961,22.16657257080078,22.16800880432129,22.150440216064453,22.151996612548828,22.136831283569336,22.132307052612305,22.122711181640625,22.114973068237305,22.102773666381836,22.09842300415039,22.08658790588379,22.07975196838379
21.74415397644043,21.749277114868164,21.75543975830078,21.764577865600586,21.774301528930664,21.7819881439209,21.79469108581543,21.805837631225586,21.82253646850586,21.835683822631836,21.85464096069336,21.869918823242188,21.889606475830078,21.90691566467285,21.92576026916504,21.943191528320312,21.9627742767334,21.980546951293945,21.998157501220703,22.015546798706055,22.029897689819336,22.045997619628906,22.059764862060547,22.07268524169922,22.08013343811035,22.088302612304688,22.09204864501953,22.0987548828125,22.09857749938965,22.10284996032715,22.097793579101562,22.10107421875,22.092283248901367,22.089017868041992,22.080904006958008,22.072917938232422,22.063196182250977,22.05669403076172,22.042621612548828,22.03386116027832,22.024024963378906,22.011045455932617,22.001766204833984,21.990901947021484
21.659242630004883,21.659976959228516,21.66672706604004,21.667707443237305,21.677356719970703,21.68342399597168,21.696081161499023,21.705276489257812,21.722360610961914,21.737232208251953,21.756486892700195,21.772905349731445,21.793657302856445,21.8118953704834,21.833229064941406,21.852874755859375,21.872634887695312,21.893980026245117,21.912349700927734,21.930572509765625,21.9469051361084,21.96291160583496,21.97671127319336,21.98969841003418,21.998504638671875,22.005876541137695,22.011741638183594,22.015230178833008,22.0199031829834,22.019412994384766,22.023395538330078,22.015941619873047,22.017574310302734,22.01061248779297,22.00735092163086,22.000335693359375,21.99641990661621,21.98326301574707,21.979719161987305,21.966693878173828,21.957368850708008,21.947162628173828,21.936668395996094,21.926517486572266
21.595312118530273,21.595598220825195,21.600496292114258,21.60267448425293,21.608720779418945,21.614517211914062,21.624135971069336,21.63278579711914,21.645723342895508,21.659351348876953,21.675140380859375,21.691774368286133,21.708417892456055,21.726879119873047,21.744638442993164,21.763771057128906,21.78387451171875,21.80173110961914,21.82241439819336,21.84153938293457,21.860918045043945,21.878284454345703,21.895727157592773,21.908344268798828,21.92275619506836,21.930889129638672,21.94301986694336,21.94488525390625,21.957260131835938,21.955324172973633,21.961944580078125,21.957242965698242,21.95924186706543,21.951200485229492,21.953447341918945,21.942838668823242,21.93857192993164,21.930496215820312,21.922040939331055,21.910741806030273,21.900344848632812,21.887434005737305,21.87630271911621,21.864831924438477
21.536012649536133,21.534059524536133,21.536401748657227,21.540061950683594,21.544689178466797,21.550395965576172,21.5567569732666,21.568208694458008,21.578218460083008,21.593490600585938,21.60721778869629,21.62419891357422,21.641714096069336,21.65931510925293,21.678068161010742,21.69608497619629,21.715734481811523,21.733928680419922,21.754316329956055,21.770292282104492,21.79227638244629,21.804443359375,21.825437545776367,21.83514976501465,21.852188110351562,21.857345581054688,21.87189483642578,21.87691307067871,21.88547706604004,21.887582778930664,21.894744873046875,21.894880294799805,21.8973331451416,21.897537231445312,21.893932342529297,21.891990661621094,21.888017654418945,21.881805419921875,21.875350952148438,21.86699104309082,21.856714248657227,21.845844268798828,21.83357048034668,21.821733474731445
21.4935302734375,21.49527359008789,21.493410110473633,21.496747970581055,21.497478485107422,21.50397491455078,21.507463455200195,21.514949798583984,21.524913787841797,21.5371036529541,21.5494327545166,21.56324577331543,21.57759666442871,21.59355354309082,21.610776901245117,21.62748146057129,21.6480770111084,21.665246963500977,21.68712043762207,21.704008102416992,21.724023818969727,21.74067497253418,21.75926971435547,21.773990631103516,21.788915634155273,21.800403594970703,21.812681198120117,21.819992065429688,21.828784942626953,21.835304260253906,21.838008880615234,21.843952178955078,21.844619750976562,21.84543800354004,21.844114303588867,21.84310531616211,21.83827781677246,21.834932327270508,21.828693389892578,21.820770263671875,21.81142234802246,21.800548553466797,21.791522979736328,21.780357360839844
21.4553279876709,21.45760154724121,21.455615997314453,21.45823097229004,21.45941734313965,21.463336944580078,21.46825408935547,21.47545051574707,21.483154296875,21.494583129882812,21.50713539123535,21.519126892089844,21.53337860107422,21.547306060791016,21.56280517578125,21.57979393005371,21.59587287902832,21.614490509033203,21.62893295288086,21.648906707763672,21.66344451904297,21.68315315246582,21.694684982299805,21.714488983154297,21.721811294555664,21.74004554748535,21.7439022064209,21.760326385498047,21.764101028442383,21.775588989257812,21.781137466430664,21.788049697875977,21.79094696044922,21.79634666442871,21.797632217407227,21.79835319519043,21.79749298095703,21.79575538635254,21.792064666748047,21.78564453125,21.77739715576172,21.76757049560547,21.759538650512695,21.74561309814453
21.431377410888672,21.430477142333984,21.429616928100586,21.430679321289062,21.43108367919922,21.433382034301758,21.436498641967773,21.441518783569336,21.449243545532227,21.45660400390625,21.46601676940918,21.478116989135742,21.489503860473633,21.504446029663086,21.516462326049805,21.533649444580078,21.54642677307129,21.56639289855957,21.577869415283203,21.600004196166992,21.61069679260254,21.63436508178711,21.642126083374023,21.66490936279297,21.670616149902344,21.687198638916016,21.694541931152344,21.70769500732422,21.71258544921875,21.724321365356445,21.727306365966797,21.736967086791992,21.741147994995117,21.74666976928711,21.748750686645508,21.752330780029297,21.75364112854004,21.75237464904785,21.752578735351562,21.746868133544922,21.743627548217773,21.7335205078125,21.728025436401367,21.716262817382812
21.410953521728516,21.4099063873291,21.4084415435791,21.407814025878906,21.409635543823242,21.41018295288086,21.412986755371094,21.416915893554688,21.422657012939453,21.431495666503906,21.43819808959961,21.448463439941406,21.457530975341797,21.471891403198242,21.480710983276367,21.496278762817383,21.505277633666992,21.523468017578125,21.53411865234375,21.552227020263672,21.561880111694336,21.579872131347656,21.59103012084961,21.606525421142578,21.616132736206055,21.631961822509766,21.638071060180664,21.65311050415039,21.660356521606445,21.671003341674805,21.677732467651367,21.688373565673828,21.69426727294922,21.702083587646484,21.708166122436523,21.712228775024414,21.71691131591797,21.717182159423828,21.7195987701416,21.715242385864258,21.714229583740234,21.70313835144043,21.70315933227539,21.6888427734375
21.397062301635742,21.390913009643555,21.39151954650879,21.388517379760742,21.387493133544922,21.38858413696289,21.38840675354004,21.392168045043945,21.394487380981445,21.402454376220703,21.408061981201172,21.419235229492188,21.425060272216797,21.438310623168945,21.446945190429688,21.461450576782227,21.470354080200195,21.48701286315918,21.49610710144043,21.513765335083008,21.523784637451172,21.539291381835938,21.547359466552734,21.564983367919922,21.572317123413086,21.58488655090332,21.59341812133789,21.603910446166992,21.61014747619629,21.621623992919922,21.628372192382812,21.635814666748047,21.644390106201172,21.652162551879883,21.65963363647461,21.665254592895508,21.67194938659668,21.67512321472168,21.681360244750977,21.67959976196289,21.680572509765625,21.67659568786621,21.674062728881836,21.667146682739258
