DATA/HARM750/wind130m_forecast_202202170000_HARM750_WFP_DT.json
{"header": {"parameterCategory": 2, "parameterNumber": 2, "lo1": 2.2127522500000008, "la1": 52.23137826, "dx": 0.01049999999999951, "dy": 0.010500000000000398, "nx": 131, "ny": 119, "refTime": "2022-02-17T00:00:00.000000000"}, "data":
[rows 19 to 37 of 119, columns 0 to 42 of 131]
22.4455509185791,22.427270889282227,22.407594680786133,22.385391235351562,22.366785049438477,22.342876434326172,22.325382232666016,22.302173614501953,22.29071807861328,22.268064498901367,22.262205123901367,22.247783660888672,22.2495059967041,22.248462677001953,22.253141403198242,22.25587272644043,22.267454147338867,22.271873474121094,22.28697967529297,22.295068740844727,22.3079776763916,22.319265365600586,22.334264755249023,22.34829330444336,22.362825393676758,22.37788200378418,22.39313316345215,22.408432006835938,22.420759201049805,22.434814453125,22.446523666381836,22.46105194091797,22.471054077148438,22.486196517944336,22.495004653930664,22.513355255126953,22.52159309387207,22.541706085205078,22.545459747314453,22.562673568725586,22.567033767700195,22.580480575561523,22.582963943481445
22.35572052001953,22.337478637695312,22.31932258605957,22.300861358642578,22.282825469970703,22.263591766357422,22.247610092163086,22.230422973632812,22.216398239135742,22.20417594909668,22.193115234375,22.18796730041504,22.18878173828125,22.188695907592773,22.19813346862793,22.201988220214844,22.21278953552246,22.224258422851562,22.23735237121582,22.24729347229004,22.265018463134766,22.27625846862793,22.293474197387695,22.307397842407227,22.32429313659668,22.340923309326172,22.35664939880371,22.372316360473633,22.38547134399414,22.400793075561523,22.41391372680664,22.42699432373047,22.438493728637695,22.45158576965332,22.463537216186523,22.479028701782227,22.48811149597168,22.504297256469727,22.511775970458984,22.524198532104492,22.52794075012207,22.540122985839844,22.539846420288086
22.257421493530273,22.23947525024414,22.221738815307617,22.202585220336914,22.184913635253906,22.168907165527344,22.152467727661133,22.13926124572754,22.126502990722656,22.116050720214844,22.111434936523438,22.10666847229004,22.113082885742188,22.117755889892578,22.12765121459961,22.137178421020508,22.153749465942383,22.162607192993164,22.18136215209961,22.197036743164062,22.21208381652832,22.229997634887695,22.247055053710938,22.263900756835938,22.28331756591797,22.29913902282715,22.31679916381836,22.332345962524414,22.346954345703125,22.361454010009766,22.371877670288086,22.387226104736328,22.395936965942383,22.410898208618164,22.418027877807617,22.431337356567383,22.44103240966797,22.45212173461914,22.459247589111328,22.470144271850586,22.473962783813477,22.479211807250977,22.48046875
22.14448356628418,22.12895965576172,22.111696243286133,22.097900390625,22.082672119140625,22.069650650024414,22.05868911743164,22.046833038330078,22.0411319732666,22.03374481201172,22.031566619873047,22.033348083496094,22.039487838745117,22.046926498413086,22.059497833251953,22.070703506469727,22.083642959594727,22.101137161254883,22.117584228515625,22.13204574584961,22.152992248535156,22.16556739807129,22.186328887939453,22.203720092773438,22.221147537231445,22.239198684692383,22.257089614868164,22.273561477661133,22.288433074951172,22.303146362304688,22.317596435546875,22.33104133605957,22.343467712402344,22.355751037597656,22.3643856048584,22.379013061523438,22.38486671447754,22.400196075439453,22.40458869934082,22.415151596069336,22.418867111206055,22.42392921447754,22.424882888793945
22.0351505279541,22.021291732788086,22.005067825317383,21.989761352539062,21.977529525756836,21.964975357055664,21.954524993896484,21.946866989135742,21.939699172973633,21.93556785583496,21.93553352355957,21.937088012695312,21.94668197631836,21.955997467041016,21.96957015991211,21.982818603515625,22.00387191772461,22.01806640625,22.04084014892578,22.058124542236328,22.076263427734375,22.09836769104004,22.117046356201172,22.135547637939453,22.1577091217041,22.176897048950195,22.196664810180664,22.21457862854004,22.230602264404297,22.246843338012695,22.262075424194336,22.275415420532227,22.286502838134766,22.29684829711914,22.30841827392578,22.316879272460938,22.328067779541016,22.334503173828125,22.341922760009766,22.34722900390625,22.348804473876953,22.353015899658203,22.35049057006836
21.90532112121582,21.89243507385254,21.87946319580078,21.870328903198242,21.859407424926758,21.853195190429688,21.846946716308594,21.8416748046875,21.8400936126709,21.839073181152344,21.841833114624023,21.84930992126465,21.860843658447266,21.87268829345703,21.890291213989258,21.906124114990234,21.924924850463867,21.94490623474121,21.962692260742188,21.982797622680664,22.00456428527832,22.02157211303711,22.043344497680664,22.064472198486328,22.082792282104492,22.1040096282959,22.122709274291992,22.139484405517578,22.156566619873047,22.17165756225586,22.18497657775879,22.198869705200195,22.212669372558594,22.22447967529297,22.235876083374023,22.24660873413086,22.256540298461914,22.26348304748535,22.270620346069336,22.2744083404541,22.279531478881836,22.280048370361328,22.27812957763672
21.79020118713379,21.779571533203125,21.76854705810547,21.75979995727539,21.752470016479492,21.745128631591797,21.739748001098633,21.737388610839844,21.735580444335938,21.736330032348633,21.741527557373047,21.7484073638916,21.760086059570312,21.77470588684082,21.789209365844727,21.806852340698242,21.82499885559082,21.843494415283203,21.8676815032959,21.888275146484375,21.911224365234375,21.93462371826172,21.958148956298828,21.979093551635742,22.003860473632812,22.02292251586914,22.044593811035156,22.065404891967773,22.08279037475586,22.098691940307617,22.11591339111328,22.129867553710938,22.14444923400879,22.157325744628906,22.16752815246582,22.177644729614258,22.183752059936523,22.191974639892578,22.194076538085938,22.19911766052246,22.19789695739746,22.19795036315918,22.196014404296875
21.656524658203125,21.642742156982422,21.636119842529297,21.627103805541992,21.622791290283203,21.619144439697266,21.61898422241211,21.618741989135742,21.622201919555664,21.627975463867188,21.634517669677734,21.646333694458008,21.660446166992188,21.675384521484375,21.694303512573242,21.711477279663086,21.734582901000977,21.756629943847656,21.779708862304688,21.802032470703125,21.82789421081543,21.849529266357422,21.8761043548584,21.895950317382812,21.91938018798828,21.94031524658203,21.96432876586914,21.979324340820312,22.001596450805664,22.016752243041992,22.032855987548828,22.047691345214844,22.05973243713379,22.07076644897461,22.081031799316406,22.090667724609375,22.09861946105957,22.105323791503906,22.109560012817383,22.11240005493164,22.11214828491211,22.112533569335938,22.10688591003418
21.535764694213867,21.528345108032227,21.523666381835938,21.5183048248291,21.51662826538086,21.51534652709961,21.51541519165039,21.518714904785156,21.52168846130371,21.526628494262695,21.535778045654297,21.5466251373291,21.560251235961914,21.576648712158203,21.593172073364258,21.613779067993164,21.634214401245117,21.654150009155273,21.678926467895508,21.700071334838867,21.726186752319336,21.747955322265625,21.774927139282227,21.79946517944336,21.827037811279297,21.84951400756836,21.872493743896484,21.895828247070312,21.914533615112305,21.934961318969727,21.952844619750977,21.967069625854492,21.98196029663086,21.993879318237305,22.0045166015625,22.01467514038086,22.022233963012695,22.026905059814453,22.029094696044922,22.029630661010742,22.02765464782715,22.024593353271484,22.0169677734375
21.411941528320312,21.407997131347656,21.40042495727539,21.400190353393555,21.39740753173828,21.398048400878906,21.40062141418457,21.40363311767578,21.410537719726562,21.41910743713379,21.42934799194336,21.44367790222168,21.460247039794922,21.47847557067871,21.499507904052734,21.520294189453125,21.54136848449707,21.565738677978516,21.5880069732666,21.61632537841797,21.63932228088379,21.66724967956543,21.69189453125,21.720924377441406,21.744312286376953,21.770238876342773,21.7921199798584,21.81282615661621,21.83439826965332,21.850866317749023,21.86696434020996,21.882993698120117,21.895450592041016,21.906679153442383,21.916913986206055,21.922405242919922,21.926862716674805,21.930524826049805,21.931623458862305,21.932104110717773,21.929410934448242,21.925830841064453,21.919034957885742
21.299734115600586,21.29861831665039,21.296716690063477,21.29700469970703,21.298498153686523,21.303403854370117,21.306053161621094,21.314130783081055,21.32159423828125,21.331787109375,21.34409523010254,21.357227325439453,21.374292373657227,21.392580032348633,21.411283493041992,21.431934356689453,21.453508377075195,21.47673797607422,21.500171661376953,21.52568817138672,21.550840377807617,21.578466415405273,21.603113174438477,21.62984848022461,21.65411376953125,21.680307388305664,21.70511245727539,21.726806640625,21.74568748474121,21.766000747680664,21.78358268737793,21.797679901123047,21.81298828125,21.824983596801758,21.83261489868164,21.84022331237793,21.844343185424805,21.846921920776367,21.848770141601562,21.846641540527344,21.842866897583008,21.837188720703125,21.827470779418945
21.19902992248535,21.20052719116211,21.19598388671875,21.20136833190918,21.201553344726562,21.206600189208984,21.212221145629883,21.21977996826172,21.228342056274414,21.23961639404297,21.251596450805664,21.269067764282227,21.2855224609375,21.3046875,21.32538604736328,21.347885131835938,21.371702194213867,21.39521026611328,21.421850204467773,21.447662353515625,21.4776668548584,21.50209617614746,21.531906127929688,21.55655288696289,21.58439064025879,21.609750747680664,21.632427215576172,21.655637741088867,21.674091339111328,21.691896438598633,21.7065486907959,21.72209358215332,21.731643676757812,21.741348266601562,21.748760223388672,21.751001358032227,21.75399398803711,21.753280639648438,21.749713897705078,21.74605941772461,21.740188598632812,21.732275009155273,21.724145889282227
21.104290008544922,21.107704162597656,21.110584259033203,21.11640739440918,21.11980628967285,21.13097381591797,21.135700225830078,21.149219512939453,21.157058715820312,21.172513961791992,21.185659408569336,21.20441246032715,21.2207088470459,21.241168975830078,21.261777877807617,21.283781051635742,21.306625366210938,21.32906150817871,21.35515022277832,21.380634307861328,21.40793800354004,21.43310546875,21.46080780029297,21.485029220581055,21.51262855529785,21.531946182250977,21.559471130371094,21.573959350585938,21.597814559936523,21.611059188842773,21.628969192504883,21.638526916503906,21.652462005615234,21.65941619873047,21.66556739807129,21.66985511779785,21.66982078552246,21.668201446533203,21.666227340698242,21.660720825195312,21.654624938964844,21.64832305908203,21.639013290405273
21.035385131835938,21.041383743286133,21.041261672973633,21.052410125732422,21.05562400817871,21.06736946105957,21.074546813964844,21.087265014648438,21.097963333129883,21.113725662231445,21.127315521240234,21.145278930664062,21.16423797607422,21.18501091003418,21.205684661865234,21.228504180908203,21.251466751098633,21.276168823242188,21.30120849609375,21.326677322387695,21.35478401184082,21.380189895629883,21.4088134765625,21.431564331054688,21.4586238861084,21.479686737060547,21.50409698486328,21.51933479309082,21.541501998901367,21.55137825012207,21.5698299407959,21.575334548950195,21.586711883544922,21.59086799621582,21.59552001953125,21.5926570892334,21.592666625976562,21.587818145751953,21.581729888916016,21.574966430664062,21.566442489624023,21.555721282958984,21.545856475830078
20.973459243774414,20.980636596679688,20.988670349121094,20.996370315551758,21.0064754486084,21.017822265625,21.029983520507812,21.044086456298828,21.058712005615234,21.073699951171875,21.09075927734375,21.11100959777832,21.12969398498535,21.15203285217285,21.172502517700195,21.196041107177734,21.219051361083984,21.242637634277344,21.266809463500977,21.29194450378418,21.31839942932129,21.343473434448242,21.368553161621094,21.391075134277344,21.41509246826172,21.43446922302246,21.45466423034668,21.46906089782715,21.483606338500977,21.494539260864258,21.505470275878906,21.512001037597656,21.5208683013916,21.520736694335938,21.524442672729492,21.52089500427246,21.519487380981445,21.512075424194336,21.50877571105957,21.498950958251953,21.49175453186035,21.481773376464844,21.47135353088379
20.936887741088867,20.944849014282227,20.953500747680664,20.96540069580078,20.974666595458984,20.988004684448242,21.001405715942383,21.018138885498047,21.0312442779541,21.050430297851562,21.06717300415039,21.087038040161133,21.10720443725586,21.12781524658203,21.149831771850586,21.171911239624023,21.194238662719727,21.217201232910156,21.241830825805664,21.26700782775879,21.29123306274414,21.31488800048828,21.338449478149414,21.361066818237305,21.382038116455078,21.40082359313965,21.417707443237305,21.43000602722168,21.443220138549805,21.4506893157959,21.461284637451172,21.46469497680664,21.469911575317383,21.470287322998047,21.46868133544922,21.46339988708496,21.459123611450195,21.4494686126709,21.4418888092041,21.431833267211914,21.42230987548828,21.41048240661621,21.40359115600586
20.90937042236328,20.921817779541016,20.930261611938477,20.945165634155273,20.957609176635742,20.97541618347168,20.987625122070312,21.0064640045166,21.0233211517334,21.04238510131836,21.060951232910156,21.0811710357666,21.101163864135742,21.123371124267578,21.144132614135742,21.16570472717285,21.18771743774414,21.210983276367188,21.233739852905273,21.256999969482422,21.279287338256836,21.30164337158203,21.322898864746094,21.342260360717773,21.36128807067871,21.37681007385254,21.39104652404785,21.400741577148438,21.40981674194336,21.415756225585938,21.420114517211914,21.421113967895508,21.423715591430664,21.419475555419922,21.417917251586914,21.40805435180664,21.402542114257812,21.39315414428711,21.385093688964844,21.37294578552246,21.365966796875,21.355575561523438,21.348726272583008
20.90451431274414,20.915918350219727,20.92967987060547,20.944631576538086,20.959964752197266,20.976547241210938,20.992408752441406,21.012142181396484,21.028209686279297,21.051231384277344,21.06734275817871,21.091323852539062,21.109825134277344,21.132978439331055,21.15162467956543,21.175575256347656,21.194631576538086,21.21685791015625,21.23670768737793,21.258617401123047,21.279409408569336,21.299087524414062,21.31744384765625,21.334566116333008,21.35047149658203,21.36395835876465,21.375743865966797,21.383033752441406,21.389982223510742,21.3916015625,21.395221710205078,21.39371109008789,21.393930435180664,21.388715744018555,21.384105682373047,21.37384033203125,21.367992401123047,21.35394287109375,21.34693717956543,21.334794998168945,21.32461166381836,21.314781188964844,21.308578491210938
20.911880493164062,20.92588996887207,20.941434860229492,20.957704544067383,20.97545051574707,20.99320411682129,21.011878967285156,21.032114028930664,21.050085067749023,21.071043014526367,21.091535568237305,21.11400032043457,21.131336212158203,21.1539306640625,21.172439575195312,21.193843841552734,21.211536407470703,21.230792999267578,21.2490177154541,21.26967430114746,21.28661346435547,21.304363250732422,21.320030212402344,21.33479881286621,21.348081588745117,21.358749389648438,21.367828369140625,21.372024536132812,21.375564575195312,21.375499725341797,21.376136779785156,21.372608184814453,21.369626998901367,21.362192153930664,21.355409622192383,21.34514617919922,21.333982467651367,21.325023651123047,21.312746047973633,21.30229949951172,21.293575286865234,21.283266067504883,21.27828598022461
