DATA/HARM750/wind130m_forecast_202202170000_HARM750_WFP_DT.json
{"header": {"parameterCategory": 2, "parameterNumber": 3, "lo1": 2.2127522500000008, "la1": 52.23137826, "dx": 0.020999999999999908, "dy": 0.021000000000000796, "nx": 66, "ny": 60, "refTime": "2022-02-17T00:00:00.000000000"}, "data":
[rows 40 to 59 of 60, columns 0 to 43 of 66]
1.512565016746521,1.531713604927063,1.5558202266693115,1.5838433504104614,1.6177796125411987,1.6581993103027344,1.7005857229232788,1.7464320659637451,1.794002652168274,1.8429899215698242,1.8942211866378784,1.9464317560195923,1.9995660781860352,2.05439829826355,2.1134555339813232,2.1783642768859863,2.2537245750427246,2.3373169898986816,2.423508405685425,2.5150489807128906,2.6116671562194824,2.711538314819336,2.8126156330108643,2.9126620292663574,3.0059380531311035,3.0993802547454834,3.1976425647735596,3.2990660667419434,3.405301332473755,3.5131163597106934,3.621476173400879,3.7338316440582275,3.8465516567230225,3.9572091102600098,4.064438819885254,4.165247440338135,4.257257461547852,4.346117973327637,4.431184768676758,4.518057823181152,4.6021037101745605,4.685225963592529,4.766561985015869,4.849476337432861
1.7499889135360718,1.7800225019454956,1.815802812576294,1.855934500694275,1.899436593055725,1.9432348012924194,1.9910250902175903,2.040865659713745,2.0923519134521484,2.147289276123047,2.2041335105895996,2.262239456176758,2.3214595317840576,2.386197805404663,2.459433078765869,2.5389492511749268,2.628321886062622,2.7237069606781006,2.8248021602630615,2.928264856338501,3.0303080081939697,3.131398916244507,3.232271194458008,3.3301546573638916,3.420454978942871,3.508310556411743,3.594001531600952,3.6850857734680176,3.785024881362915,3.884256362915039,3.9836981296539307,4.085836410522461,4.189897537231445,4.287716388702393,4.378509998321533,4.460453510284424,4.53304386138916,4.600854873657227,4.666050910949707,4.728686809539795,4.7915191650390625,4.8553786277771,4.919163703918457,4.984041690826416
2.1162655353546143,2.1590723991394043,2.205791473388672,2.2560949325561523,2.3073651790618896,2.3606090545654297,2.415087938308716,2.468153715133667,2.5237531661987305,2.582547426223755,2.64404034614563,2.709686517715454,2.7822182178497314,2.8594188690185547,2.939901828765869,3.032228708267212,3.1325366497039795,3.2369935512542725,3.3436200618743896,3.451190710067749,3.557875156402588,3.659088134765625,3.753425359725952,3.8439295291900635,3.926013231277466,4.0050482749938965,4.080021858215332,4.156999111175537,4.236584663391113,4.322718620300293,4.406921863555908,4.489197254180908,4.569699764251709,4.645689010620117,4.714363098144531,4.7684736251831055,4.81569242477417,4.85721492767334,4.896635055541992,4.936082363128662,4.976180553436279,5.017552852630615,5.062079429626465,5.108830451965332
2.601862668991089,2.65463924407959,2.7114977836608887,2.7705516815185547,2.8275797367095947,2.884763240814209,2.945392608642578,3.008690118789673,3.072763204574585,3.1393301486968994,3.2108099460601807,3.2877156734466553,3.372042179107666,3.4613189697265625,3.553485155105591,3.647629499435425,3.745584726333618,3.8519177436828613,3.9575791358947754,4.0607686042785645,4.159802436828613,4.2549214363098145,4.344305992126465,4.422442436218262,4.493551254272461,4.558730125427246,4.620569705963135,4.681646347045898,4.7421040534973145,4.798426628112793,4.853755474090576,4.908644676208496,4.958674907684326,5.0031232833862305,5.040707588195801,5.0694499015808105,5.088106155395508,5.101708889007568,5.112913608551025,5.128053665161133,5.144716739654541,5.162456512451172,5.1822991371154785,5.205989837646484
3.194021463394165,3.250581741333008,3.309410333633423,3.37546706199646,3.437565326690674,3.5002284049987793,3.5648233890533447,3.633613348007202,3.7107536792755127,3.795351266860962,3.8774871826171875,3.9639132022857666,4.058587074279785,4.155661582946777,4.254427433013916,4.351762294769287,4.447912693023682,4.5383405685424805,4.630736351013184,4.721587657928467,4.805141448974609,4.8832268714904785,4.955540180206299,5.022188663482666,5.082084655761719,5.130340576171875,5.173717975616455,5.213101863861084,5.248852252960205,5.278818130493164,5.302542209625244,5.318593978881836,5.333236217498779,5.341949939727783,5.343737602233887,5.338558673858643,5.328936576843262,5.316150665283203,5.301235198974609,5.292679309844971,5.286873817443848,5.2821478843688965,5.278052806854248,5.275219440460205
3.8471078872680664,3.9121017456054688,3.97835636138916,4.043646812438965,4.105257987976074,4.17549467086792,4.2488694190979,4.327331066131592,4.416034698486328,4.510871887207031,4.610720157623291,4.712521076202393,4.811378002166748,4.910820007324219,5.007480144500732,5.100090026855469,5.182900428771973,5.259678363800049,5.32625675201416,5.387030601501465,5.449743270874023,5.505646228790283,5.553929328918457,5.598441123962402,5.638912200927734,5.672994136810303,5.6923370361328125,5.705626487731934,5.7101030349731445,5.707630634307861,5.697293281555176,5.678379535675049,5.652393341064453,5.623124599456787,5.591442584991455,5.5563645362854,5.521368026733398,5.485841751098633,5.450589656829834,5.421849250793457,5.396036624908447,5.36604642868042,5.3371052742004395,5.307497978210449
4.520415306091309,4.5968804359436035,4.671864032745361,4.745739459991455,4.817182540893555,4.889349937438965,4.966757774353027,5.055581569671631,5.153853893280029,5.255849838256836,5.359886169433594,5.46505069732666,5.570731163024902,5.669609546661377,5.755707740783691,5.832296371459961,5.895054817199707,5.948680877685547,5.99205207824707,6.0284857749938965,6.058948516845703,6.083224773406982,6.1049628257751465,6.121028423309326,6.132452964782715,6.137238502502441,6.13380765914917,6.117659568786621,6.089056015014648,6.052910327911377,6.009072303771973,5.956927299499512,5.898094654083252,5.836331844329834,5.772011756896973,5.714214324951172,5.657372951507568,5.604341983795166,5.555694580078125,5.50452184677124,5.453498363494873,5.404828071594238,5.3553571701049805,5.302872657775879
5.191373348236084,5.274781703948975,5.358099937438965,5.441461086273193,5.524423599243164,5.609699726104736,5.696505546569824,5.785913467407227,5.8847198486328125,5.988086223602295,6.08986759185791,6.1872076988220215,6.279571533203125,6.3641204833984375,6.438218116760254,6.4927778244018555,6.532870769500732,6.5608415603637695,6.57868766784668,6.587823390960693,6.5915422439575195,6.585469722747803,6.57127571105957,6.5562663078308105,6.536529541015625,6.508164405822754,6.470195293426514,6.419597148895264,6.359947681427002,6.2887864112854,6.211721420288086,6.130422592163086,6.0461649894714355,5.96066951751709,5.878485679626465,5.807222843170166,5.7355499267578125,5.662577152252197,5.592369079589844,5.525162696838379,5.461050033569336,5.396193981170654,5.328658103942871,5.257463455200195
5.8353729248046875,5.928567409515381,6.018044471740723,6.107728004455566,6.203306198120117,6.297518730163574,6.391582012176514,6.483010768890381,6.573966979980469,6.660677909851074,6.747134685516357,6.827400207519531,6.897305011749268,6.95624303817749,7.003238677978516,7.037292957305908,7.057991981506348,7.061919212341309,7.053839206695557,7.03862190246582,7.014604091644287,6.982813835144043,6.9405951499938965,6.892070293426514,6.833611488342285,6.770324230194092,6.695059299468994,6.6085205078125,6.514543533325195,6.41624116897583,6.3132710456848145,6.210232257843018,6.114530563354492,6.03336238861084,5.933507919311523,5.837892055511475,5.747817516326904,5.661187171936035,5.578120231628418,5.499552249908447,5.422546863555908,5.347869396209717,5.267248153686523,5.186798095703125
6.426386833190918,6.527469158172607,6.628758907318115,6.722631454467773,6.819244384765625,6.913697242736816,7.005292892456055,7.090970516204834,7.168732643127441,7.239973068237305,7.301614284515381,7.351863384246826,7.39338493347168,7.42322301864624,7.440754413604736,7.447078227996826,7.443409442901611,7.429488182067871,7.401744842529297,7.363375186920166,7.315917491912842,7.259054660797119,7.1913042068481445,7.110443115234375,7.0192742347717285,6.917884349822998,6.809223175048828,6.692151069641113,6.573401927947998,6.451671123504639,6.33600378036499,6.228531837463379,6.110046863555908,6.003871440887451,5.904774188995361,5.804572582244873,5.711048603057861,5.62031888961792,5.535546779632568,5.442862033843994,5.354603290557861,5.270742893218994,5.189128398895264,5.1057586669921875
6.957737445831299,7.057382106781006,7.154480934143066,7.250205993652344,7.345898151397705,7.432483673095703,7.509398937225342,7.578479290008545,7.637743949890137,7.685927867889404,7.720763206481934,7.742312431335449,7.752007961273193,7.751494884490967,7.74110221862793,7.724318027496338,7.699756622314453,7.663888931274414,7.616964340209961,7.558164119720459,7.487032890319824,7.4033050537109375,7.309062480926514,7.198716640472412,7.079603672027588,6.952225685119629,6.822013854980469,6.690654754638672,6.571326732635498,6.433104515075684,6.29283332824707,6.171987533569336,6.058272361755371,5.950965881347656,5.851339817047119,5.748142242431641,5.650267601013184,5.559068202972412,5.481140613555908,5.385708808898926,5.295133113861084,5.230224609375,5.150270938873291,5.095952987670898
7.402182579040527,7.494734764099121,7.583268165588379,7.66729736328125,7.748021125793457,7.8204169273376465,7.882639408111572,7.928841590881348,7.963920593261719,7.9872918128967285,7.998623371124268,7.996087551116943,7.981740474700928,7.958456993103027,7.924997329711914,7.886035442352295,7.839325428009033,7.783286094665527,7.715393543243408,7.633854866027832,7.538506984710693,7.432797431945801,7.313957691192627,7.183290481567383,7.044722557067871,6.912375450134277,6.78582763671875,6.628017425537109,6.478976726531982,6.34486198425293,6.217884063720703,6.102253437042236,5.990031719207764,5.885238170623779,5.78463077545166,5.694044589996338,5.610867977142334,5.5112786293029785,5.422144889831543,5.365314960479736,5.301600933074951,5.222681999206543,5.138012886047363,5.069945335388184
7.73890495300293,7.817663669586182,7.889912128448486,7.956587791442871,8.016484260559082,8.067113876342773,8.10622787475586,8.133326530456543,8.149415969848633,8.153151512145996,8.14315414428711,8.12322998046875,8.093802452087402,8.0532808303833,8.004027366638184,7.947076320648193,7.882617950439453,7.806503772735596,7.719498634338379,7.614355564117432,7.496938228607178,7.36848783493042,7.24838399887085,7.136918067932129,6.9920244216918945,6.802793979644775,6.6600775718688965,6.507132530212402,6.3740553855896,6.252020359039307,6.135982513427734,6.027220726013184,5.923469066619873,5.823996067047119,5.72648286819458,5.626832485198975,5.5334248542785645,5.449991703033447,5.374746799468994,5.308902263641357,5.250259876251221,5.219531059265137,5.173160076141357,5.096512317657471
7.9569268226623535,8.018355369567871,8.07097053527832,8.116186141967773,8.15675163269043,8.186552047729492,8.20659351348877,8.216690063476562,8.21784496307373,8.207784652709961,8.185213088989258,8.15333080291748,8.11178970336914,8.060498237609863,7.998826503753662,7.926608562469482,7.84528923034668,7.753154754638672,7.647451400756836,7.533773422241211,7.455925464630127,7.312294006347656,7.152100563049316,6.978869438171387,6.807862758636475,6.657765865325928,6.521182060241699,6.395488739013672,6.280538558959961,6.169403076171875,6.0663065910339355,5.966708183288574,5.871345043182373,5.7794976234436035,5.692646026611328,5.615922927856445,5.551103115081787,5.4833197593688965,5.426445484161377,5.386631965637207,5.341540336608887,5.316655158996582,5.339583396911621,5.202238082885742
8.052323341369629,8.095327377319336,8.129728317260742,8.156142234802246,8.178726196289062,8.193461418151855,8.199872016906738,8.198688507080078,8.189749717712402,8.170903205871582,8.142535209655762,8.101927757263184,8.052453994750977,7.992630958557129,7.920325756072998,7.837753772735596,7.74488639831543,7.669703483581543,7.61324405670166,7.472176551818848,7.302597522735596,7.126372337341309,6.971431255340576,6.826345443725586,6.682572364807129,6.551435470581055,6.430632591247559,6.3225297927856445,6.221876621246338,6.126764297485352,6.03361701965332,5.941666126251221,5.858882427215576,5.786751747131348,5.721664905548096,5.6601362228393555,5.620201587677002,5.5844011306762695,5.5520243644714355,5.555875778198242,5.566185474395752,5.558963775634766,5.464191913604736,5.358881950378418
8.048261642456055,8.072632789611816,8.08821964263916,8.099899291992188,8.110279083251953,8.117142677307129,8.115824699401855,8.108907699584961,8.09402847290039,8.070369720458984,8.036418914794922,7.990447044372559,7.9328203201293945,7.874868869781494,7.815667629241943,7.742018699645996,7.640246868133545,7.514811992645264,7.401480674743652,7.2628350257873535,7.126933574676514,7.006798267364502,6.882178783416748,6.742618560791016,6.618934154510498,6.503279685974121,6.399792671203613,6.308197498321533,6.219448566436768,6.138069152832031,6.055568218231201,5.975417613983154,5.920100688934326,5.880148887634277,5.872197151184082,5.839086532592773,5.774145126342773,5.766415596008301,5.841057300567627,5.846870422363281,5.733624458312988,5.634848117828369,5.575969219207764,5.49487829208374
7.95733118057251,7.965001583099365,7.9684319496154785,7.970576763153076,7.975305080413818,7.977183818817139,7.977499485015869,7.963291168212891,7.9455132484436035,7.928775310516357,7.916446208953857,7.875171184539795,7.8032965660095215,7.710194110870361,7.624422550201416,7.545262336730957,7.448592185974121,7.3373284339904785,7.219137191772461,7.114958763122559,7.005922794342041,6.901350975036621,6.795282363891602,6.693356513977051,6.597601413726807,6.514091968536377,6.425673484802246,6.34733247756958,6.274918556213379,6.203648567199707,6.131453514099121,6.059326171875,6.002015590667725,5.968918800354004,5.952486038208008,5.92100191116333,5.874604225158691,5.832355976104736,5.824711322784424,5.784924507141113,5.7168498039245605,5.680619239807129,5.636026859283447,5.58404541015625
7.805702209472656,7.813319206237793,7.818342685699463,7.828699111938477,7.84564208984375,7.827850818634033,7.822519302368164,7.8137125968933105,7.807257652282715,7.767671585083008,7.71533203125,7.649551868438721,7.57915735244751,7.501601696014404,7.419908046722412,7.336010932922363,7.250736713409424,7.167730808258057,7.085534572601318,7.006560802459717,6.930042743682861,6.8511881828308105,6.77484655380249,6.695531845092773,6.624562740325928,6.555761337280273,6.489045143127441,6.429065227508545,6.369970798492432,6.314164161682129,6.257622718811035,6.227681636810303,6.187596797943115,6.091980457305908,6.031862258911133,5.997127532958984,5.980047702789307,5.957880020141602,5.9314446449279785,5.8989129066467285,5.852966785430908,5.8231635093688965,5.784884929656982,5.750641822814941
7.598679542541504,7.591419696807861,7.598820209503174,7.607875347137451,7.610548973083496,7.606724262237549,7.607542514801025,7.597174167633057,7.58136510848999,7.536048412322998,7.4865522384643555,7.439362525939941,7.373672008514404,7.304861545562744,7.236245155334473,7.171299934387207,7.108414173126221,7.049406051635742,7.002499103546143,6.9737677574157715,6.949499130249023,6.895480155944824,6.819783687591553,6.753127098083496,6.712635517120361,6.628910541534424,6.578181266784668,6.5352606773376465,6.493865489959717,6.452763080596924,6.410831928253174,6.38423490524292,6.438138961791992,6.466798305511475,6.3170247077941895,6.2172160148620605,6.174760341644287,6.160252571105957,6.188086032867432,6.124773025512695,6.066695690155029,6.024512767791748,5.984394073486328,5.941636085510254
7.360257625579834,7.353514194488525,7.35212516784668,7.36885404586792,7.378086090087891,7.367732524871826,7.373414516448975,7.36113977432251,7.3370442390441895,7.315927505493164,7.276602268218994,7.22572660446167,7.175654411315918,7.126575946807861,7.078812599182129,7.0443596839904785,7.002422332763672,6.974641799926758,6.954500198364258,6.951422691345215,6.944446563720703,6.936046123504639,6.880319118499756,6.87237024307251,6.805922985076904,6.71184778213501,6.674498558044434,6.646039009094238,6.619335174560547,6.592149257659912,6.564639091491699,6.541828155517578,6.564023494720459,6.622966766357422,6.628464221954346,6.546101093292236,6.479568004608154,6.4119415283203125,6.338976860046387,6.307328701019287,6.293882846832275,6.25816011428833,6.201533317565918,6.153414726257324
