DATA/HARM750/wind130m_forecast_202202170000_HARM750_WFP_DT.json
{"header": {"parameterCategory": 2, "parameterNumber": 2, "lo1": 2.2127522500000008, "la1": 52.23137826, "dx": 0.01049999999999951, "dy": 0.010500000000000398, "nx": 131, "ny": 119, "refTime": "2022-02-17T00:00:00.000000000"}, "data":
[rows 38 to 56 of 119, columns 86 to 128 of 131]
21.759138107299805,21.774839401245117,21.796100616455078,21.81760597229004,21.84579086303711,21.86589241027832,21.894611358642578,21.911640167236328,21.93891143798828,21.953577041625977,21.975139617919922,21.98652458190918,21.998981475830078,22.007863998413086,22.01514434814453,22.021089553833008,22.024864196777344,22.02801513671875,22.02857208251953,22.02448844909668,22.01875877380371,22.012537002563477,22.00615882873535,22.00229263305664,21.996994018554688,21.993053436279297,21.994327545166016,21.99941062927246,22.00956153869629,22.016185760498047,22.031116485595703,22.04266357421875,22.05991554260254,22.074066162109375,22.094470977783203,22.11241912841797,22.134693145751953,22.154653549194336,22.176864624023438,22.19916534423828,22.220806121826172,22.241987228393555,22.262453079223633
21.73777961730957,21.754331588745117,21.772520065307617,21.792741775512695,21.813804626464844,21.838171005249023,21.857406616210938,21.88198471069336,21.900897979736328,21.923831939697266,21.939342498779297,21.952486038208008,21.965478897094727,21.974014282226562,21.98386001586914,21.98967742919922,21.996517181396484,22.002344131469727,22.0039119720459,22.00324821472168,22.00086212158203,22.000337600708008,22.000200271606445,21.998558044433594,22.001951217651367,22.003740310668945,22.01270866394043,22.024906158447266,22.042255401611328,22.05784034729004,22.078210830688477,22.095121383666992,22.11865997314453,22.136524200439453,22.160877227783203,22.18012237548828,22.20291519165039,22.223642349243164,22.246429443359375,22.26699447631836,22.288240432739258,22.309846878051758,22.329143524169922
21.715055465698242,21.730804443359375,21.74583625793457,21.767026901245117,21.784860610961914,21.80706214904785,21.826263427734375,21.85017204284668,21.866939544677734,21.889122009277344,21.902809143066406,21.91866683959961,21.92522430419922,21.93914222717285,21.94464874267578,21.954919815063477,21.961814880371094,21.96747589111328,21.97309684753418,21.97828483581543,21.98452377319336,21.98933982849121,21.995262145996094,22.0034122467041,22.01061248779297,22.02212905883789,22.035804748535156,22.05517578125,22.076229095458984,22.09998321533203,22.123449325561523,22.147920608520508,22.170398712158203,22.2008056640625,22.224443435668945,22.250648498535156,22.273508071899414,22.298229217529297,22.31970977783203,22.3425235748291,22.362857818603516,22.381549835205078,22.39708137512207
21.693700790405273,21.708742141723633,21.718538284301758,21.738449096679688,21.753347396850586,21.773841857910156,21.7895450592041,21.809106826782227,21.825454711914062,21.845335006713867,21.8585205078125,21.8737850189209,21.88599395751953,21.897428512573242,21.909130096435547,21.92150115966797,21.929519653320312,21.941104888916016,21.95134162902832,21.9620304107666,21.9730224609375,21.984025955200195,21.996259689331055,22.009916305541992,22.025840759277344,22.042932510375977,22.063045501708984,22.092897415161133,22.11798095703125,22.150239944458008,22.176706314086914,22.210121154785156,22.23806381225586,22.2670955657959,22.29099464416504,22.318992614746094,22.33928680419922,22.362857818603516,22.380891799926758,22.401472091674805,22.417085647583008,22.433368682861328,22.4440975189209
21.668338775634766,21.678314208984375,21.69017791748047,21.705102920532227,21.719064712524414,21.738080978393555,21.752166748046875,21.77188491821289,21.787179946899414,21.80553436279297,21.822128295898438,21.83418846130371,21.849905014038086,21.863969802856445,21.87769317626953,21.888813018798828,21.90547752380371,21.91973114013672,21.93498420715332,21.951845169067383,21.967897415161133,21.987197875976562,22.006820678710938,22.027231216430664,22.047828674316406,22.072179794311523,22.100740432739258,22.130952835083008,22.16432762145996,22.194950103759766,22.22745704650879,22.260345458984375,22.290416717529297,22.32148551940918,22.3461856842041,22.370954513549805,22.392959594726562,22.414091110229492,22.431636810302734,22.447872161865234,22.46100616455078,22.473325729370117,22.480487823486328
21.646974563598633,21.653120040893555,21.662593841552734,21.673715591430664,21.68711280822754,21.69832992553711,21.715394973754883,21.729196548461914,21.745683670043945,21.763635635375977,21.776803970336914,21.797040939331055,21.809419631958008,21.82898712158203,21.844226837158203,21.8670711517334,21.88381004333496,21.905555725097656,21.925886154174805,21.948339462280273,21.971769332885742,21.996768951416016,22.020265579223633,22.047574996948242,22.073659896850586,22.103404998779297,22.137603759765625,22.172853469848633,22.208667755126953,22.24380874633789,22.28081703186035,22.310914993286133,22.34674072265625,22.373580932617188,22.40167236328125,22.41958999633789,22.438613891601562,22.452362060546875,22.46678352355957,22.476924896240234,22.485607147216797,22.491296768188477,22.495351791381836
21.624210357666016,21.627904891967773,21.634193420410156,21.64264488220215,21.654582977294922,21.667787551879883,21.679933547973633,21.695682525634766,21.712684631347656,21.729598999023438,21.748437881469727,21.766643524169922,21.783672332763672,21.80492401123047,21.823284149169922,21.850738525390625,21.86949920654297,21.89730453491211,21.91905975341797,21.952171325683594,21.9781436920166,22.010332107543945,22.04129409790039,22.073848724365234,22.10779571533203,22.141998291015625,22.17654037475586,22.214143753051758,22.251705169677734,22.286727905273438,22.321264266967773,22.35428237915039,22.3851318359375,22.40976333618164,22.434633255004883,22.448688507080078,22.46725082397461,22.473581314086914,22.4873046875,22.4891300201416,22.496917724609375,22.494583129882812,22.49664306640625
21.61090850830078,21.611501693725586,21.616731643676758,21.625059127807617,21.633710861206055,21.645767211914062,21.658628463745117,21.672630310058594,21.687700271606445,21.707029342651367,21.724355697631836,21.744014739990234,21.766206741333008,21.788957595825195,21.8140811920166,21.836715698242188,21.866024017333984,21.89440155029297,21.926692962646484,21.957679748535156,21.99118995666504,22.027463912963867,22.059926986694336,22.098957061767578,22.131629943847656,22.169069290161133,22.206966400146484,22.244213104248047,22.280534744262695,22.316865921020508,22.35053825378418,22.381515502929688,22.41107177734375,22.434917449951172,22.451745986938477,22.463932037353516,22.474626541137695,22.47970962524414,22.486474990844727,22.48277473449707,22.487852096557617,22.477447509765625,22.479944229125977
21.603221893310547,21.60369300842285,21.606687545776367,21.613290786743164,21.622896194458008,21.633543014526367,21.646408081054688,21.662670135498047,21.679527282714844,21.696975708007812,21.71699333190918,21.740243911743164,21.763769149780273,21.78881072998047,21.815265655517578,21.84286117553711,21.872514724731445,21.90340805053711,21.938539505004883,21.972951889038086,22.01018714904785,22.045391082763672,22.085052490234375,22.11888313293457,22.156747817993164,22.194311141967773,22.229467391967773,22.267505645751953,22.30050277709961,22.333232879638672,22.36313819885254,22.3907413482666,22.41519546508789,22.434711456298828,22.448760986328125,22.455970764160156,22.46222496032715,22.46476936340332,22.46553611755371,22.46263313293457,22.45604133605957,22.4490909576416,22.440093994140625
21.604782104492188,21.6044979095459,21.606889724731445,21.613479614257812,21.621976852416992,21.633655548095703,21.646934509277344,21.66225242614746,21.68010711669922,21.699443817138672,21.72209930419922,21.745725631713867,21.77135467529297,21.798818588256836,21.82721519470215,21.859487533569336,21.890544891357422,21.924060821533203,21.958053588867188,21.995563507080078,22.03293228149414,22.069204330444336,22.10417938232422,22.140554428100586,22.1773738861084,22.209564208984375,22.24702262878418,22.277315139770508,22.310789108276367,22.338985443115234,22.364639282226562,22.38814353942871,22.408079147338867,22.42162322998047,22.430139541625977,22.434356689453125,22.43474578857422,22.431814193725586,22.42603874206543,22.418819427490234,22.409881591796875,22.401247024536133,22.390546798706055
21.612321853637695,21.615633010864258,21.616392135620117,21.625629425048828,21.633697509765625,21.646448135375977,21.660537719726562,21.676490783691406,21.694902420043945,21.71673583984375,21.73986053466797,21.76416015625,21.79166603088379,21.81947898864746,21.85117530822754,21.87932014465332,21.913484573364258,21.946048736572266,21.982397079467773,22.01715660095215,22.053499221801758,22.087820053100586,22.125259399414062,22.158370971679688,22.19332504272461,22.22467803955078,22.25588035583496,22.283153533935547,22.310592651367188,22.331558227539062,22.356115341186523,22.370939254760742,22.387271881103516,22.396190643310547,22.399370193481445,22.399991989135742,22.397214889526367,22.39208221435547,22.3829345703125,22.372879028320312,22.36309242248535,22.349700927734375,22.33855628967285
21.635316848754883,21.637590408325195,21.637998580932617,21.650413513183594,21.656982421875,21.67263412475586,21.683837890625,21.70468521118164,21.7227725982666,21.743623733520508,21.768199920654297,21.79434585571289,21.822904586791992,21.85093879699707,21.88222885131836,21.911685943603516,21.9458065032959,21.97494888305664,22.012348175048828,22.04015350341797,22.07758331298828,22.10554313659668,22.142112731933594,22.16861343383789,22.20165252685547,22.227100372314453,22.25527572631836,22.277164459228516,22.29879379272461,22.318723678588867,22.332538604736328,22.34871482849121,22.35708236694336,22.360681533813477,22.362258911132812,22.35719871520996,22.35123634338379,22.34150505065918,22.330799102783203,22.317243576049805,22.300048828125,22.286787033081055,22.271148681640625
21.661195755004883,21.671884536743164,21.67146873474121,21.68656349182129,21.69441032409668,21.71253776550293,21.72756004333496,21.7482967376709,21.76646614074707,21.792417526245117,21.814210891723633,21.840259552001953,21.86663818359375,21.893085479736328,21.923194885253906,21.950782775878906,21.982656478881836,22.009248733520508,22.039730072021484,22.066905975341797,22.099611282348633,22.123451232910156,22.154090881347656,22.176734924316406,22.206159591674805,22.223955154418945,22.248567581176758,22.2634220123291,22.282554626464844,22.29143714904785,22.306486129760742,22.309215545654297,22.317672729492188,22.31723403930664,22.314117431640625,22.30846405029297,22.300308227539062,22.289125442504883,22.27681541442871,22.262290954589844,22.246166229248047,22.229385375976562,22.214826583862305
21.709178924560547,21.715986251831055,21.71967124938965,21.735313415527344,21.742534637451172,21.763620376586914,21.776018142700195,21.797916412353516,21.816036224365234,21.84011459350586,21.863704681396484,21.887916564941406,21.91219139099121,21.94098472595215,21.968488693237305,21.995996475219727,22.0240535736084,22.049531936645508,22.078399658203125,22.100589752197266,22.12713623046875,22.146879196166992,22.172060012817383,22.18630599975586,22.209293365478516,22.219850540161133,22.242996215820312,22.24563217163086,22.267305374145508,22.26715850830078,22.28046989440918,22.27812385559082,22.28456687927246,22.276748657226562,22.274873733520508,22.261369705200195,22.25260353088379,22.23702621459961,22.221832275390625,22.20305061340332,22.18533706665039,22.167537689208984,22.147794723510742
21.75708770751953,21.762205123901367,21.770565032958984,21.78604507446289,21.800472259521484,21.817434310913086,21.83470916748047,21.858312606811523,21.877473831176758,21.903453826904297,21.92290687561035,21.9511661529541,21.974525451660156,21.999008178710938,22.022132873535156,22.046411514282227,22.0694522857666,22.0930233001709,22.11504554748535,22.13336181640625,22.154438018798828,22.168018341064453,22.189016342163086,22.19737434387207,22.216089248657227,22.222322463989258,22.238590240478516,22.242128372192383,22.253747940063477,22.251222610473633,22.26081085205078,22.250389099121094,22.256250381469727,22.24034309387207,22.238727569580078,22.220651626586914,22.21297264099121,22.191349029541016,22.178754806518555,22.155336380004883,22.137088775634766,22.11499786376953,22.095199584960938
21.821849822998047,21.828590393066406,21.839736938476562,21.8527889251709,21.86556625366211,21.88603401184082,21.902984619140625,21.924053192138672,21.942861557006836,21.965896606445312,21.985607147216797,22.010164260864258,22.030046463012695,22.05514144897461,22.07268714904785,22.096389770507812,22.11798858642578,22.137012481689453,22.154680252075195,22.17032814025879,22.185752868652344,22.198076248168945,22.21005630493164,22.219507217407227,22.23042106628418,22.23427391052246,22.244909286499023,22.24275779724121,22.252878189086914,22.243759155273438,22.249649047851562,22.237354278564453,22.238210678100586,22.221315383911133,22.21707534790039,22.195207595825195,22.185928344726562,22.160573959350586,22.145235061645508,22.116670608520508,22.096132278442383,22.065641403198242,22.04271125793457
21.888885498046875,21.89632797241211,21.905811309814453,21.92093276977539,21.93555450439453,21.956146240234375,21.975807189941406,21.997467041015625,22.017559051513672,22.040660858154297,22.061954498291016,22.082324981689453,22.103559494018555,22.122417449951172,22.144441604614258,22.161760330200195,22.176013946533203,22.191831588745117,22.203107833862305,22.213993072509766,22.223033905029297,22.231515884399414,22.239498138427734,22.243408203125,22.24923324584961,22.25159454345703,22.255172729492188,22.25322723388672,22.253658294677734,22.247692108154297,22.2452449798584,22.231828689575195,22.228487014770508,22.208148956298828,22.20009994506836,22.175107955932617,22.160593032836914,22.132856369018555,22.113235473632812,22.080522537231445,22.057294845581055,22.023700714111328,21.995882034301758
21.973203659057617,21.981616973876953,21.99806785583496,22.011781692504883,22.03097152709961,22.045053482055664,22.06402587890625,22.08161735534668,22.105152130126953,22.121397018432617,22.14048957824707,22.157733917236328,22.174997329711914,22.19276237487793,22.2078800201416,22.22266387939453,22.23676109313965,22.247255325317383,22.25801658630371,22.265981674194336,22.272750854492188,22.277883529663086,22.281536102294922,22.283588409423828,22.2838191986084,22.283231735229492,22.282236099243164,22.278717041015625,22.27356719970703,22.265222549438477,22.257049560546875,22.24477767944336,22.229955673217773,22.212242126464844,22.19468116760254,22.170103073120117,22.149940490722656,22.11610984802246,22.091318130493164,22.056041717529297,22.025453567504883,21.986021041870117,21.949092864990234
22.06468391418457,22.071413040161133,22.086078643798828,22.09901237487793,22.114381790161133,22.128400802612305,22.148509979248047,22.1656436920166,22.187297821044922,22.20623779296875,22.22575569152832,22.24217414855957,22.26188087463379,22.27581024169922,22.292423248291016,22.304420471191406,22.318140029907227,22.3262996673584,22.33380699157715,22.33776092529297,22.342300415039062,22.34195327758789,22.341001510620117,22.338272094726562,22.334365844726562,22.330265045166016,22.325056076049805,22.3187198638916,22.310009002685547,22.299192428588867,22.284774780273438,22.269390106201172,22.250566482543945,22.22860336303711,22.204219818115234,22.178428649902344,22.145233154296875,22.115129470825195,22.076139450073242,22.03754234313965,21.995315551757812,21.94981575012207,21.904563903808594
