DATA/HARM750/wind130m_forecast_202202170000_HARM750_WFP_DT.json
{"header": {"parameterCategory": 2, "parameterNumber": 2, "lo1": 2.5592522500000006, "la1": 51.349378259999995, "dx": 0.01049999999999951, "dy": 0.010500000000007503, "nx": 64, "ny": 52, "refTime": "2022-02-17T00:00:00.000000000"}, "data":
[rows 0 to 18 of 52, columns 0 to 42 of 64]
3.1847784519195557,3.2369935512542725,3.2902941703796387,3.3436200618743896,3.3972525596618652,3.451190710067749,3.504697561264038,3.557875156402588,3.609724998474121,3.659088134765625,3.707256555557251,3.753425359725952,3.8002641201019287,3.8439295291900635,3.8850622177124023,3.926013231277466,3.965332508087158,4.0050482749938965,4.0432000160217285,4.080021858215332,4.120089054107666,4.156999111175537,4.198226451873779,4.236584663391113,4.278713703155518,4.322718620300293,4.364140510559082,4.406921863555908,4.447037696838379,4.489197254180908,4.529311656951904,4.569699764251709,4.607623100280762,4.645689010620117,4.6809401512146,4.714363098144531,4.7437424659729,4.7684736251831055,4.793026924133301,4.81569242477417,4.8371429443359375,4.85721492767334,4.877066612243652
2.917083740234375,2.9647140502929688,3.0121660232543945,3.061051607131958,3.1102726459503174,3.1603357791900635,3.210292339324951,3.2601678371429443,3.310967206954956,3.363518714904785,3.4165537357330322,3.4700334072113037,3.521786689758301,3.572066307067871,3.6198208332061768,3.6653521060943604,3.712799549102783,3.756049633026123,3.8021347522735596,3.8464417457580566,3.889350175857544,3.9348337650299072,3.97605299949646,4.021649360656738,4.063645362854004,4.107753753662109,4.1498212814331055,4.1934003829956055,4.234950065612793,4.280336856842041,4.323662281036377,4.366669178009033,4.409656524658203,4.450231075286865,4.49158239364624,4.53081750869751,4.5700178146362305,4.606276512145996,4.639698505401611,4.6715497970581055,4.702080726623535,4.731520652770996,4.7597856521606445
2.6754872798919678,2.7237069606781006,2.7742292881011963,2.8248021602630615,2.8762965202331543,2.928264856338501,2.978764295578003,3.0303080081939697,3.0800397396087646,3.131398916244507,3.182130813598633,3.232271194458008,3.281815767288208,3.3301546573638916,3.375321865081787,3.420454978942871,3.4621474742889404,3.508310556411743,3.549372434616089,3.594001531600952,3.6369481086730957,3.6850857734680176,3.734856128692627,3.785024881362915,3.8341846466064453,3.884256362915039,3.934953212738037,3.9836981296539307,4.0359930992126465,4.085836410522461,4.138864517211914,4.189897537231445,4.239556312561035,4.287716388702393,4.3332438468933105,4.378509998321533,4.421044826507568,4.460453510284424,4.4979095458984375,4.53304386138916,4.5674591064453125,4.600854873657227,4.633438587188721
2.4604268074035645,2.5030899047851562,2.547013998031616,2.592334032058716,2.6387860774993896,2.6872189044952393,2.7389419078826904,2.7912893295288086,2.8450381755828857,2.899137020111084,2.952258348464966,3.007686138153076,3.0593860149383545,3.1143815517425537,3.1609580516815186,3.2115182876586914,3.2590532302856445,3.307502269744873,3.3533947467803955,3.3995494842529297,3.445443630218506,3.4924564361572266,3.5413174629211426,3.588716506958008,3.639366626739502,3.6875548362731934,3.7382256984710693,3.7884342670440674,3.838052749633789,3.8914294242858887,3.943676233291626,3.9968819618225098,4.050641059875488,4.104017734527588,4.158308506011963,4.210742950439453,4.261189937591553,4.308315277099609,4.352602958679199,4.396731376647949,4.438065052032471,4.479068279266357,4.519348621368408
2.294508695602417,2.3373169898986816,2.3802714347839355,2.423508405685425,2.4688963890075684,2.5150489807128906,2.5624783039093018,2.6116671562194824,2.661066770553589,2.711538314819336,2.7620441913604736,2.8126156330108643,2.86466121673584,2.9126620292663574,2.9614596366882324,3.0059380531311035,3.0540261268615723,3.0993802547454834,3.1491236686706543,3.1976425647735596,3.248091220855713,3.2990660667419434,3.351182460784912,3.405301332473755,3.4571468830108643,3.5131163597106934,3.566606044769287,3.621476173400879,3.6775729656219482,3.7338316440582275,3.7907400131225586,3.8465516567230225,3.901564121246338,3.9572091102600098,4.011399745941162,4.064438819885254,4.116159915924072,4.165247440338135,4.212488651275635,4.257257461547852,4.303290367126465,4.346117973327637,4.389214992523193
2.144011974334717,2.1803643703460693,2.219449996948242,2.2616665363311768,2.304105043411255,2.3495736122131348,2.3978779315948486,2.446563720703125,2.4975717067718506,2.547041416168213,2.6010403633117676,2.6508960723876953,2.7054193019866943,2.755977153778076,2.8073017597198486,2.854106903076172,2.901988983154297,2.948291063308716,2.995704174041748,3.043520212173462,3.091184377670288,3.1414356231689453,3.1919777393341064,3.243072748184204,3.296408176422119,3.3476457595825195,3.401806354522705,3.45574951171875,3.5095937252044678,3.567213773727417,3.625497341156006,3.685248851776123,3.7453255653381348,3.8044521808624268,3.863447904586792,3.9213178157806396,3.9788029193878174,4.032577991485596,4.0851287841796875,4.13617467880249,4.186031341552734,4.234840393066406,4.281342506408691
2.046977996826172,2.0814425945281982,2.1172826290130615,2.1532986164093018,2.1932291984558105,2.232388496398926,2.2767393589019775,2.3205013275146484,2.36732816696167,2.4146194458007812,2.4610347747802734,2.5111982822418213,2.5587151050567627,2.610630512237549,2.655116081237793,2.704463481903076,2.752333879470825,2.8018381595611572,2.851069927215576,2.900130033493042,2.951913833618164,3.0023598670959473,3.0561587810516357,3.1100034713745117,3.163918972015381,3.219982385635376,3.2751476764678955,3.3303823471069336,3.3865556716918945,3.442789077758789,3.5006470680236816,3.559124231338501,3.617037534713745,3.675327777862549,3.733086585998535,3.790799140930176,3.8463737964630127,3.9020447731018066,3.953558921813965,4.005929946899414,4.0569586753845215,4.108578205108643,4.160122394561768
1.9735482931137085,2.004061222076416,2.036893129348755,2.0720653533935547,2.1075797080993652,2.147509813308716,2.186190605163574,2.2313406467437744,2.274085521697998,2.321655750274658,2.36753511428833,2.4171364307403564,2.4651310443878174,2.512977361679077,2.558699131011963,2.604647159576416,2.6510674953460693,2.6978609561920166,2.744819402694702,2.7934718132019043,2.8408892154693604,2.891932249069214,2.941312551498413,2.9931914806365967,3.045985221862793,3.098424196243286,3.1528239250183105,3.2084298133850098,3.2648375034332275,3.3231499195098877,3.3824684619903564,3.441648483276367,3.5008175373077393,3.5614430904388428,3.619802236557007,3.6798646450042725,3.7378005981445312,3.7954609394073486,3.8501720428466797,3.9036242961883545,3.955838918685913,4.00918436050415,4.060468673706055
1.9391766786575317,1.9683163166046143,1.9959914684295654,2.0285327434539795,2.0591659545898438,2.093907117843628,2.1303138732910156,2.169191837310791,2.20886492729187,2.2511372566223145,2.294938564300537,2.3389623165130615,2.3837339878082275,2.430809736251831,2.475701093673706,2.5213210582733154,2.5666418075561523,2.614043951034546,2.6607587337493896,2.709324359893799,2.7589025497436523,2.808175563812256,2.859973669052124,2.9117000102996826,2.96376371383667,3.016629219055176,3.0696864128112793,3.1233937740325928,3.178018808364868,3.233567953109741,3.2891898155212402,3.3460769653320312,3.4032528400421143,3.4592137336730957,3.5168278217315674,3.572329521179199,3.6290674209594727,3.6846301555633545,3.7386679649353027,3.7950401306152344,3.849829912185669,3.9054410457611084,3.960423231124878
1.9326879978179932,1.957072138786316,1.9841420650482178,2.0098936557769775,2.040485382080078,2.0699045658111572,2.1040432453155518,2.139590263366699,2.178910255432129,2.2173538208007812,2.2570998668670654,2.2987098693847656,2.3410143852233887,2.3844964504241943,2.42635440826416,2.4692840576171875,2.5134222507476807,2.5565779209136963,2.6027255058288574,2.6476848125457764,2.694915533065796,2.7425365447998047,2.7910044193267822,2.840541362762451,2.8916163444519043,2.943652629852295,2.995981454849243,3.0494375228881836,3.103201150894165,3.1572370529174805,3.2130513191223145,3.2681353092193604,3.3242666721343994,3.3808228969573975,3.435983180999756,3.4930944442749023,3.5483036041259766,3.6024487018585205,3.657150983810425,3.7106730937957764,3.7656407356262207,3.820010185241699,3.8734865188598633
1.9565489292144775,1.9775499105453491,2.0013651847839355,2.0256903171539307,2.05234432220459,2.0790743827819824,2.1099729537963867,2.140850067138672,2.1749267578125,2.208742380142212,2.246290683746338,2.2818994522094727,2.3226277828216553,2.360044240951538,2.4019997119903564,2.4413342475891113,2.4837327003479004,2.5263514518737793,2.569418430328369,2.614335298538208,2.659801959991455,2.706401824951172,2.7537448406219482,2.80149245262146,2.850087881088257,2.8995344638824463,2.9502005577087402,3.0005667209625244,3.0513813495635986,3.1041557788848877,3.154782295227051,3.2077383995056152,3.2586746215820312,3.31199049949646,3.3646891117095947,3.4181854724884033,3.4713380336761475,3.5273900032043457,3.5792219638824463,3.6360466480255127,3.6880979537963867,3.7436952590942383,3.798654556274414
2.0011720657348633,2.0193350315093994,2.0421886444091797,2.0610737800598145,2.0859618186950684,2.1087746620178223,2.1373727321624756,2.1637415885925293,2.196096897125244,2.2251718044281006,2.26017165184021,2.2928552627563477,2.3280911445617676,2.364149808883667,2.4006731510162354,2.4387142658233643,2.4773664474487305,2.516953468322754,2.558516502380371,2.600003957748413,2.6427412033081055,2.6865835189819336,2.731269598007202,2.7773983478546143,2.8232035636901855,2.871833562850952,2.918792486190796,2.9686594009399414,3.017772674560547,3.067465305328369,3.117448568344116,3.1673970222473145,3.217180013656616,3.268312692642212,3.3175055980682373,3.3699357509613037,3.42108416557312,3.472566843032837,3.5241472721099854,3.573105573654175,3.627068519592285,3.676506757736206,3.730015277862549
2.068567991256714,2.0852160453796387,2.1063616275787354,2.1243271827697754,2.14741587638855,2.166252374649048,2.1898622512817383,2.2129883766174316,2.2391746044158936,2.2663052082061768,2.293400764465332,2.323093891143799,2.353804588317871,2.385007619857788,2.4187910556793213,2.452810525894165,2.488931894302368,2.525897264480591,2.56447434425354,2.604184150695801,2.6443707942962646,2.6860859394073486,2.72792387008667,2.7721381187438965,2.8161025047302246,2.8607141971588135,2.906123399734497,2.952688455581665,2.9983184337615967,3.046151876449585,3.0913023948669434,3.137881278991699,3.185394048690796,3.2312331199645996,3.282317876815796,3.3278701305389404,3.3795154094696045,3.42630934715271,3.4764370918273926,3.525571584701538,3.5750982761383057,3.6266181468963623,3.677931308746338
2.1399738788604736,2.156294345855713,2.1729936599731445,2.1918258666992188,2.2098746299743652,2.230417013168335,2.249413251876831,2.272550106048584,2.2957193851470947,2.318917989730835,2.345106601715088,2.370102882385254,2.398070812225342,2.426492929458618,2.456390619277954,2.487706422805786,2.5204484462738037,2.5544497966766357,2.5886542797088623,2.624432325363159,2.6614773273468018,2.6994194984436035,2.7396633625030518,2.779590129852295,2.8211777210235596,2.863511562347412,2.906559944152832,2.948974370956421,2.9948508739471436,3.037245273590088,3.083042621612549,3.125424861907959,3.1714699268341064,3.216071844100952,3.260514497756958,3.3067588806152344,3.3500943183898926,3.3982067108154297,3.4429068565368652,3.4894092082977295,3.536184310913086,3.5836777687072754,3.631039619445801
2.230370044708252,2.2482662200927734,2.263577461242676,2.2794442176818848,2.2952749729156494,2.3108022212982178,2.3292148113250732,2.345855236053467,2.3649837970733643,2.3849916458129883,2.405306816101074,2.4278507232666016,2.450467109680176,2.4745709896087646,2.5006165504455566,2.5289881229400635,2.5585155487060547,2.588705062866211,2.621551036834717,2.6539928913116455,2.688917875289917,2.72470760345459,2.761711597442627,2.799286127090454,2.8389573097229004,2.87741756439209,2.9193434715270996,2.960028886795044,3.0016252994537354,3.0444600582122803,3.0843186378479004,3.127309799194336,3.167140007019043,3.2102296352386475,3.2510669231414795,3.2945072650909424,3.3376920223236084,3.3807156085968018,3.4237148761749268,3.468895435333252,3.512021064758301,3.5572636127471924,3.6033027172088623
2.312079906463623,2.326380968093872,2.3445465564727783,2.358586072921753,2.375997304916382,2.392160654067993,2.40763521194458,2.4253897666931152,2.442067861557007,2.4603099822998047,2.4790327548980713,2.49858021736145,2.5190465450286865,2.540801525115967,2.563438892364502,2.586862802505493,2.6126773357391357,2.6391284465789795,2.6669747829437256,2.696207046508789,2.727186679840088,2.7576849460601807,2.792156457901001,2.826857805252075,2.862039566040039,2.9001431465148926,2.936009168624878,2.9776787757873535,3.0155181884765625,3.0575194358825684,3.0948994159698486,3.1344683170318604,3.1734025478363037,3.2125275135040283,3.252873659133911,3.2927749156951904,3.3327667713165283,3.373145341873169,3.4140825271606445,3.4536023139953613,3.495655059814453,3.5376503467559814,3.5797951221466064
2.401123046875,2.4180119037628174,2.430922031402588,2.4474987983703613,2.4601521492004395,2.4744715690612793,2.4886040687561035,2.5023443698883057,2.517017126083374,2.5319290161132812,2.547149419784546,2.563072681427002,2.581014394760132,2.6000077724456787,2.6199257373809814,2.6422197818756104,2.6646251678466797,2.6896982192993164,2.715113401412964,2.742274284362793,2.768838405609131,2.8003110885620117,2.828756809234619,2.8629679679870605,2.8958568572998047,2.9306163787841797,2.9669322967529297,3.0021958351135254,3.039628505706787,3.0754823684692383,3.112588405609131,3.1479265689849854,3.185028076171875,3.222133159637451,3.25927996635437,3.2966175079345703,3.334850549697876,3.373019218444824,3.410613775253296,3.4493470191955566,3.487496852874756,3.5265965461730957,3.566704273223877
2.4705214500427246,2.4883055686950684,2.504528760910034,2.5200278759002686,2.5352866649627686,2.550733804702759,2.5652987957000732,2.579826831817627,2.5939972400665283,2.6079301834106445,2.623044490814209,2.638183116912842,2.652716875076294,2.6683130264282227,2.6849193572998047,2.7033531665802,2.722027540206909,2.7437543869018555,2.763932943344116,2.7880632877349854,2.8119397163391113,2.8378746509552,2.865609884262085,2.894533395767212,2.926438093185425,2.958967685699463,2.9921934604644775,3.026055335998535,3.0604567527770996,3.096372365951538,3.1302452087402344,3.165424108505249,3.20027232170105,3.235170602798462,3.2702810764312744,3.306823253631592,3.342301845550537,3.378467082977295,3.414130687713623,3.4491758346557617,3.4847524166107178,3.520780324935913,3.5572094917297363
2.537885904312134,2.5544679164886475,2.570298433303833,2.5857839584350586,2.600813150405884,2.6150124073028564,2.6290812492370605,2.642422914505005,2.655132293701172,2.6688265800476074,2.682583808898926,2.6965601444244385,2.711242198944092,2.7259209156036377,2.7417163848876953,2.7583742141723633,2.7775166034698486,2.7943248748779297,2.816089391708374,2.8348522186279297,2.859337568283081,2.881135940551758,2.907219886779785,2.9347774982452393,2.962810516357422,2.992476224899292,3.021484136581421,3.053644895553589,3.0844788551330566,3.1175825595855713,3.1492273807525635,3.182896137237549,3.214475393295288,3.2487106323242188,3.2822277545928955,3.3159234523773193,3.350221872329712,3.38468861579895,3.4179611206054688,3.450920343399048,3.4845194816589355,3.5179355144500732,3.552246570587158
