DATA/HARM750/wind10m_forecast_202202170000_HARM750_WFP_DT.json
{"header": {"parameterCategory": 2, "parameterNumber": 3, "lo1": 1.2152522500000003, "la1": 53.22887826, "dx": 0.06299999999999972, "dy": 0.06300000000000239, "nx": 54, "ny": 52, "refTime": "2022-02-17T00:00:00.000000000"}, "data":
[rows 19 to 37 of 52, columns 0 to 43 of 54]
0.24172963201999664,0.21502405405044556,0.2294810563325882,0.33994829654693604,0.4850342869758606,0.6556209921836853,0.777988076210022,0.8418273329734802,0.8959746360778809,0.9230743646621704,0.9151570796966553,0.8888682723045349,0.888918936252594,0.8620039820671082,0.8026333451271057,0.7444278001785278,0.761127769947052,0.7884557247161865,0.7910774946212769,0.764451265335083,0.7422207593917847,0.6882110834121704,0.6341719627380371,0.6340926885604858,0.7321135401725769,0.8892697095870972,1.078472375869751,1.2514145374298096,1.3698971271514893,1.4202524423599243,1.4654382467269897,1.5346202850341797,1.6209619045257568,1.6969778537750244,1.8047529458999634,1.9391818046569824,2.0833702087402344,2.214489221572876,2.3658299446105957,2.5485126972198486,2.751523017883301,2.9779412746429443,3.2315306663513184,3.446361780166626
0.3297865092754364,0.36808711290359497,0.5303850769996643,0.6719595193862915,0.8129398822784424,0.9072102904319763,0.9597765207290649,0.9738488793373108,0.9643861651420593,0.9385248422622681,0.8893347382545471,0.825462281703949,0.7750697135925293,0.7344589829444885,0.7094053626060486,0.7079429030418396,0.7463907599449158,0.7569654583930969,0.7317237257957458,0.7003684639930725,0.7071913480758667,0.6914465427398682,0.6855555176734924,0.7498310208320618,0.9279207587242126,1.103176474571228,1.2355746030807495,1.3434245586395264,1.455122709274292,1.518896460533142,1.5727295875549316,1.6622384786605835,1.8021570444107056,1.9206750392913818,2.028595209121704,2.1471147537231445,2.2594528198242188,2.3134493827819824,2.4102725982666016,2.6367599964141846,2.9919333457946777,3.3512802124023438,3.6406607627868652,3.79925799369812
0.645721971988678,0.7304332852363586,0.8832868933677673,1.0376458168029785,1.1125787496566772,1.1632519960403442,1.1908522844314575,1.1569594144821167,1.0267404317855835,0.8999793529510498,0.8085261583328247,0.7521412968635559,0.7173920273780823,0.7245216369628906,0.7541027069091797,0.7836653590202332,0.8154429197311401,0.84675532579422,0.8693464398384094,0.8955445289611816,0.934113085269928,0.947735607624054,0.9714384078979492,1.0371602773666382,1.1621737480163574,1.2629363536834717,1.3492743968963623,1.4574335813522339,1.5915350914001465,1.6641696691513062,1.7070904970169067,1.8138638734817505,2.011821746826172,2.221512794494629,2.37899112701416,2.503304958343506,2.621171236038208,2.7366738319396973,2.9203665256500244,3.2202682495117188,3.6046884059906006,3.9359052181243896,4.155974864959717,4.264294147491455
1.0981509685516357,1.0971205234527588,1.2157729864120483,1.339287519454956,1.3775174617767334,1.3759591579437256,1.3229483366012573,1.1953682899475098,1.0071099996566772,0.8967148065567017,0.8571082949638367,0.854191243648529,0.8614068031311035,0.9184456467628479,0.9786245226860046,1.0183528661727905,1.0589015483856201,1.134597659111023,1.183768391609192,1.192659854888916,1.1809223890304565,1.1828975677490234,1.2077183723449707,1.2628920078277588,1.363059163093567,1.4810115098953247,1.5924068689346313,1.6795520782470703,1.744687557220459,1.8041307926177979,1.929693341255188,2.1437439918518066,2.3983352184295654,2.6142525672912598,2.7985007762908936,2.9654088020324707,3.1113054752349854,3.2510411739349365,3.4505715370178223,3.726095676422119,4.042914390563965,4.323853492736816,4.518122673034668,4.550030708312988
1.375905990600586,1.4137998819351196,1.4730526208877563,1.513104796409607,1.476619839668274,1.4109481573104858,1.3160829544067383,1.2082221508026123,1.1143718957901,1.086333155632019,1.082984447479248,1.08598792552948,1.1206955909729004,1.210616946220398,1.2786248922348022,1.3090128898620605,1.326104998588562,1.3551898002624512,1.3566824197769165,1.352803111076355,1.3833600282669067,1.445727825164795,1.5042840242385864,1.5672290325164795,1.654139518737793,1.7614766359329224,1.8727117776870728,1.9766740798950195,2.0692543983459473,2.1675033569335938,2.318425178527832,2.4997408390045166,2.6756808757781982,2.8476858139038086,3.0614638328552246,3.2744574546813965,3.443819046020508,3.5806338787078857,3.786526918411255,4.0598344802856445,4.337033271789551,4.538993835449219,4.618123531341553,4.501928329467773
1.5505701303482056,1.539351463317871,1.5269389152526855,1.502460241317749,1.4772907495498657,1.4544947147369385,1.414360523223877,1.3545304536819458,1.320688009262085,1.3314836025238037,1.3783364295959473,1.4560102224349976,1.5639530420303345,1.6250920295715332,1.6085373163223267,1.563876748085022,1.5525524616241455,1.5546740293502808,1.5670020580291748,1.6246497631072998,1.7267496585845947,1.8025094270706177,1.8630107641220093,1.9657878875732422,2.114044427871704,2.2358436584472656,2.337902784347534,2.450856924057007,2.550663471221924,2.6021084785461426,2.6466705799102783,2.733856439590454,2.8724241256713867,3.0500473976135254,3.261847496032715,3.4521636962890625,3.6070797443389893,3.7590668201446533,3.9613325595855713,4.1350531578063965,4.306581497192383,4.268062114715576,4.248939037322998,4.146024227142334
1.712860107421875,1.67757248878479,1.630692720413208,1.589975357055664,1.5728367567062378,1.5438793897628784,1.494599461555481,1.4608864784240723,1.4968382120132446,1.563753604888916,1.6348028182983398,1.7096892595291138,1.7854206562042236,1.7799873352050781,1.7335466146469116,1.7323825359344482,1.8020442724227905,1.8508763313293457,1.9127057790756226,2.0398781299591064,2.1902947425842285,2.2633590698242188,2.330508232116699,2.454012870788574,2.5957119464874268,2.6552987098693848,2.701915740966797,2.784156322479248,2.8547375202178955,2.8728506565093994,2.9352056980133057,3.0813100337982178,3.247802257537842,3.3896288871765137,3.5361223220825195,3.6739625930786133,3.774744987487793,3.843583583831787,3.909180164337158,3.933229684829712,3.949636697769165,3.9786462783813477,4.041811466217041,4.058982849121094
1.830945372581482,1.7760387659072876,1.728089451789856,1.6813260316848755,1.6486173868179321,1.610064148902893,1.5711442232131958,1.5626968145370483,1.613986611366272,1.6574139595031738,1.6717405319213867,1.6865837574005127,1.7292269468307495,1.747767686843872,1.7598435878753662,1.8180078268051147,1.9194518327713013,1.9980145692825317,2.113018751144409,2.2920444011688232,2.472402811050415,2.557767391204834,2.6079607009887695,2.6599996089935303,2.6933584213256836,2.691905975341797,2.7635509967803955,2.8911521434783936,2.997901678085327,3.0722603797912598,3.2230024337768555,3.4322781562805176,3.6253116130828857,3.7982585430145264,4.018064975738525,4.21058464050293,4.247141361236572,4.147681713104248,4.0391435623168945,3.9006118774414062,3.7943365573883057,3.7653422355651855,3.8068575859069824,3.8796334266662598
1.9733730554580688,1.9413142204284668,1.8696417808532715,1.7733474969863892,1.7021373510360718,1.6637017726898193,1.616127848625183,1.5552613735198975,1.5069130659103394,1.4769949913024902,1.4647430181503296,1.4809728860855103,1.519241213798523,1.543532371520996,1.563826322555542,1.624746561050415,1.7489792108535767,1.9000589847564697,2.065310478210449,2.1987802982330322,2.263683319091797,2.268981456756592,2.3093717098236084,2.3706934452056885,2.4330105781555176,2.5170416831970215,2.69706392288208,2.882997989654541,3.042557716369629,3.232367515563965,3.5424277782440186,3.878650426864624,4.184682369232178,4.472593307495117,4.715550422668457,4.764871597290039,4.6004109382629395,4.330621242523193,4.063409328460693,3.806753158569336,3.6122045516967773,3.5252461433410645,3.636077880859375,3.831728458404541
1.9153196811676025,1.8438550233840942,1.7665716409683228,1.7029547691345215,1.6552637815475464,1.6208868026733398,1.5818657875061035,1.5305098295211792,1.4785887002944946,1.4463838338851929,1.4117931127548218,1.3670099973678589,1.3234394788742065,1.3158866167068481,1.359960675239563,1.4348734617233276,1.5133450031280518,1.5813919305801392,1.655197262763977,1.7184077501296997,1.7687511444091797,1.8357268571853638,1.9741063117980957,2.147458076477051,2.336876630783081,2.560933828353882,2.8366527557373047,3.0843701362609863,3.329242706298828,3.6115944385528564,3.9574790000915527,4.259644985198975,4.544835090637207,4.814143657684326,4.991522312164307,4.938765048980713,4.728041172027588,4.454339504241943,4.117911338806152,3.7459957599639893,3.4702117443084717,3.382295846939087,3.480088710784912,3.651106595993042
1.5092498064041138,1.4603413343429565,1.527187466621399,1.6123101711273193,1.6206461191177368,1.623962163925171,1.651939034461975,1.6710834503173828,1.6447689533233643,1.5815225839614868,1.523681879043579,1.479780912399292,1.457126259803772,1.4646300077438354,1.5038833618164062,1.5270779132843018,1.5286134481430054,1.5297061204910278,1.584642767906189,1.6877429485321045,1.8307563066482544,2.020763397216797,2.2697696685791016,2.561781644821167,2.886777877807617,3.2190866470336914,3.536259889602661,3.781477451324463,3.97823166847229,4.133413791656494,4.272109031677246,4.380564212799072,4.5256853103637695,4.681396484375,4.765492916107178,4.673372745513916,4.465676307678223,4.174777507781982,3.7969326972961426,3.4294238090515137,3.2403604984283447,3.193756341934204,3.2465569972991943,3.292938232421875
1.0315895080566406,1.1719568967819214,1.4790890216827393,1.6299395561218262,1.552950143814087,1.7096790075302124,1.8896597623825073,2.014439821243286,2.054912805557251,2.032874584197998,2.0292069911956787,2.055098295211792,2.0766961574554443,2.0733659267425537,2.0819077491760254,2.116833448410034,2.192101240158081,2.3182549476623535,2.4786643981933594,2.6579554080963135,2.874211311340332,3.142965793609619,3.452162981033325,3.769531011581421,4.080137729644775,4.3277201652526855,4.457259654998779,4.469720363616943,4.409243106842041,4.310734272003174,4.214312553405762,4.163013935089111,4.199557304382324,4.181434154510498,4.053958892822266,3.929659605026245,3.7628297805786133,3.552344799041748,3.3574373722076416,3.2224440574645996,3.194844961166382,3.167081594467163,3.1581215858459473,3.230271100997925
0.77434241771698,0.862933874130249,1.0066992044448853,1.2788589000701904,1.6917012929916382,2.0706980228424072,2.3416264057159424,2.534086227416992,2.681581974029541,2.7849950790405273,2.871387004852295,2.955625295639038,3.038541316986084,3.136725902557373,3.290424346923828,3.4605462551116943,3.6377155780792236,3.8334522247314453,4.0582966804504395,4.293220520019531,4.536378860473633,4.788219928741455,4.979499340057373,5.045412063598633,5.0302042961120605,4.947977542877197,4.801150798797607,4.604525566101074,4.376865863800049,4.241507530212402,3.8359813690185547,3.6190011501312256,3.4600906372070312,3.3121097087860107,3.1804161071777344,3.1441526412963867,3.123291254043579,3.0625455379486084,3.0362021923065186,3.0724356174468994,3.0841407775878906,3.0549676418304443,3.1283135414123535,3.1760804653167725
1.0133821964263916,1.0845370292663574,1.304160475730896,1.6656557321548462,2.1709699630737305,2.5743885040283203,2.9267361164093018,3.2548561096191406,3.524244546890259,3.686051845550537,3.8603196144104004,4.060022354125977,4.268661022186279,4.471960067749023,4.704267978668213,4.907394886016846,5.1031813621521,5.338157653808594,5.632284641265869,5.837650299072266,5.911366939544678,5.8666157722473145,5.699723243713379,5.397666931152344,5.048713684082031,4.691668510437012,4.342674732208252,4.059269905090332,3.7291812896728516,3.4282491207122803,3.1905415058135986,3.031795024871826,2.9816529750823975,2.843163013458252,2.7728095054626465,2.7953081130981445,2.731750249862671,2.721841812133789,2.8176794052124023,3.0051422119140625,3.145313262939453,3.247511625289917,3.344216823577881,3.427281141281128
1.518312931060791,1.6781949996948242,2.0739622116088867,2.2669637203216553,2.7023890018463135,3.1740047931671143,3.701212167739868,4.155395984649658,4.4379072189331055,4.598333835601807,4.899561405181885,5.2218427658081055,5.451357364654541,5.594820499420166,5.790834903717041,5.966809272766113,6.115792274475098,6.263625144958496,6.392351150512695,6.324851036071777,6.1247382164001465,5.847273349761963,5.474371433258057,4.934012413024902,4.483864784240723,3.9230878353118896,3.536156415939331,3.2189157009124756,3.0761642456054688,2.9966328144073486,3.1294872760772705,2.845524311065674,2.7713210582733154,2.632847547531128,2.630162000656128,2.710883378982544,3.145115375518799,2.7802188396453857,2.929779291152954,3.076280117034912,3.2265491485595703,3.3544979095458984,3.4171555042266846,3.4697179794311523
1.870465636253357,2.1197011470794678,2.498265266418457,3.0483670234680176,3.630153179168701,4.103089809417725,4.53655481338501,4.847583293914795,5.038105487823486,5.238978862762451,5.607799530029297,5.881652355194092,6.011225700378418,6.091073036193848,6.253264427185059,6.276224136352539,6.206048488616943,6.129873752593994,6.07528018951416,5.851701736450195,5.5636677742004395,5.283234596252441,4.987014293670654,4.252452373504639,3.709986925125122,3.3557167053222656,3.135913133621216,3.1036057472229004,3.270066261291504,4.027063369750977,3.6450748443603516,3.104083299636841,2.9744832515716553,2.947294235229492,3.0050816535949707,2.883747100830078,2.869816541671753,2.8689217567443848,2.9413163661956787,3.035385847091675,3.1764354705810547,3.312976360321045,3.4217398166656494,3.495204210281372
2.569725751876831,2.9528231620788574,3.430924415588379,3.9667680263519287,4.435211181640625,4.742513656616211,4.999823093414307,5.189249038696289,5.336779594421387,5.482602119445801,5.686598300933838,5.832148551940918,5.935023307800293,6.008300304412842,6.00795316696167,5.784631729125977,5.51994514465332,5.406179904937744,5.2558746337890625,4.959652900695801,4.651378154754639,4.399303913116455,4.2028069496154785,3.987027645111084,3.7688004970550537,3.6211676597595215,3.5330848693847656,3.5549275875091553,3.4659194946289062,3.469965934753418,3.467829704284668,3.531568765640259,3.7721922397613525,3.4302780628204346,3.1700055599212646,3.139383316040039,3.0437464714050293,2.987335681915283,2.9978790283203125,3.037566661834717,3.0481297969818115,3.0480992794036865,3.128023386001587,3.3041696548461914
3.459662914276123,3.82503604888916,4.207088947296143,4.582260608673096,4.880400657653809,5.023257255554199,5.1171674728393555,5.191250801086426,5.1546125411987305,4.939151763916016,4.810939311981201,4.860991954803467,4.974775314331055,5.037195205688477,4.898407936096191,4.6563496589660645,4.481953144073486,4.351287364959717,4.223543167114258,3.9945425987243652,3.984888792037964,3.926429510116577,4.193177223205566,4.035322666168213,3.9488718509674072,3.971306562423706,4.016449928283691,4.210866928100586,4.287493705749512,4.134359836578369,3.7798962593078613,3.551591157913208,3.5023674964904785,3.2153611183166504,3.1116950511932373,3.0342111587524414,3.055891990661621,3.0523364543914795,3.010303258895874,2.9503376483917236,3.2344753742218018,3.573573350906372,3.1678078174591064,3.5315117835998535
3.8582818508148193,4.125962734222412,4.398855209350586,4.6818718910217285,4.886157512664795,4.908463478088379,4.906094551086426,5.1249613761901855,6.3759894371032715,5.15183162689209,4.371527194976807,3.7831993103027344,3.497764825820923,3.527559995651245,3.556152820587158,3.5758681297302246,3.5967214107513428,3.6891181468963623,3.799412250518799,3.92618727684021,3.590911626815796,3.5218400955200195,3.533196210861206,3.742323398590088,3.99922251701355,4.188617706298828,4.13914155960083,4.277358531951904,4.448938369750977,4.312294006347656,3.804084539413452,3.508509874343872,3.377178430557251,3.426710844039917,3.101651430130005,3.090332269668579,3.1618804931640625,3.810744047164917,2.936037540435791,2.866828441619873,3.372360944747925,3.816200017929077,4.0670485496521,4.324530601501465
