DATA/HARM750/wind130m_forecast_202202170000_HARM750_WFP_DT.json
{"header": {"parameterCategory": 2, "parameterNumber": 2, "lo1": 2.2127522500000008, "la1": 52.23137826, "dx": 0.020999999999999908, "dy": 0.021000000000000796, "nx": 66, "ny": 60, "refTime": "2022-02-17T00:00:00.000000000"}, "data":
[rows 20 to 39 of 60, columns 0 to 42 of 66]
21.00002670288086,21.037887573242188,21.078548431396484,21.120731353759766,21.16091537475586,21.19770050048828,21.230844497680664,21.262191772460938,21.289230346679688,21.31305694580078,21.33517837524414,21.351381301879883,21.362947463989258,21.367555618286133,21.364540100097656,21.356678009033203,21.343990325927734,21.326457977294922,21.306743621826172,21.28766632080078,21.2720890045166,21.264799118041992,21.268407821655273,21.272480010986328,21.28172492980957,21.293581008911133,21.306396484375,21.322612762451172,21.34015655517578,21.354333877563477,21.367050170898438,21.38463020324707,21.403242111206055,21.429039001464844,21.4620361328125,21.492504119873047,21.525508880615234,21.55449676513672,21.582277297973633,21.609615325927734,21.63530158996582,21.66080665588379,21.68642234802246
21.096773147583008,21.1362361907959,21.176326751708984,21.215166091918945,21.253267288208008,21.284259796142578,21.30784797668457,21.326610565185547,21.3418025970459,21.35375213623047,21.364057540893555,21.370887756347656,21.374874114990234,21.374269485473633,21.370521545410156,21.362707138061523,21.35237693786621,21.338327407836914,21.32284164428711,21.30759048461914,21.295320510864258,21.2928524017334,21.297521591186523,21.308082580566406,21.319690704345703,21.335308074951172,21.35035514831543,21.367359161376953,21.386367797851562,21.400400161743164,21.415292739868164,21.430374145507812,21.44931411743164,21.47100830078125,21.49519157409668,21.5225830078125,21.54798126220703,21.569992065429688,21.589452743530273,21.60736846923828,21.623294830322266,21.63675308227539,21.65155029296875
21.204862594604492,21.24386978149414,21.282127380371094,21.31533432006836,21.343767166137695,21.36450958251953,21.375545501708984,21.383359909057617,21.386371612548828,21.38685417175293,21.389036178588867,21.389894485473633,21.38736343383789,21.384153366088867,21.3792724609375,21.37273406982422,21.36621856689453,21.356895446777344,21.346969604492188,21.340360641479492,21.335731506347656,21.338233947753906,21.346853256225586,21.35823631286621,21.373018264770508,21.389062881469727,21.408245086669922,21.42583465576172,21.445627212524414,21.46202278137207,21.477243423461914,21.493684768676758,21.510196685791016,21.530481338500977,21.550893783569336,21.573436737060547,21.591171264648438,21.602970123291016,21.611671447753906,21.615671157836914,21.61911964416504,21.61959457397461,21.621030807495117
21.311246871948242,21.347766876220703,21.379138946533203,21.406347274780273,21.42838478088379,21.441362380981445,21.442462921142578,21.438169479370117,21.43132781982422,21.422584533691406,21.413387298583984,21.406841278076172,21.398691177368164,21.393295288085938,21.389829635620117,21.38629150390625,21.383153915405273,21.37810516357422,21.373870849609375,21.37192726135254,21.37458038330078,21.382061004638672,21.395551681518555,21.41176414489746,21.432191848754883,21.45315170288086,21.475080490112305,21.497840881347656,21.519187927246094,21.539993286132812,21.557172775268555,21.575082778930664,21.593402862548828,21.610498428344727,21.626449584960938,21.64032745361328,21.649700164794922,21.6486759185791,21.64519691467285,21.638322830200195,21.630033493041992,21.618980407714844,21.608449935913086
21.415712356567383,21.443965911865234,21.46828269958496,21.486003875732422,21.498910903930664,21.502798080444336,21.498558044433594,21.490478515625,21.479873657226562,21.46827507019043,21.456851959228516,21.445232391357422,21.43349266052246,21.42411231994629,21.418506622314453,21.415206909179688,21.412883758544922,21.4099063873291,21.407814025878906,21.41018295288086,21.416915893554688,21.431495666503906,21.448463439941406,21.471891403198242,21.496278762817383,21.523468017578125,21.552227020263672,21.579872131347656,21.606525421142578,21.631961822509766,21.65311050415039,21.671003341674805,21.688373565673828,21.702083587646484,21.712228775024414,21.717182159423828,21.715242385864258,21.70313835144043,21.6888427734375,21.672256469726562,21.65375328063965,21.636852264404297,21.62075424194336
21.499340057373047,21.52167320251465,21.538150787353516,21.54973030090332,21.556827545166016,21.557964324951172,21.55243682861328,21.543136596679688,21.533004760742188,21.521297454833984,21.510066986083984,21.499238967895508,21.488794326782227,21.477718353271484,21.469690322875977,21.464052200317383,21.46016502380371,21.45760154724121,21.45823097229004,21.463336944580078,21.47545051574707,21.494583129882812,21.519126892089844,21.547306060791016,21.57979393005371,21.614490509033203,21.648906707763672,21.68315315246582,21.714488983154297,21.74004554748535,21.760326385498047,21.775588989257812,21.788049697875977,21.79634666442871,21.79835319519043,21.79575538635254,21.78564453125,21.76757049560547,21.74561309814453,21.724563598632812,21.703170776367188,21.682403564453125,21.66667938232422
21.578596115112305,21.590553283691406,21.600664138793945,21.607330322265625,21.611085891723633,21.61248207092285,21.61093521118164,21.60721778869629,21.601430892944336,21.59364128112793,21.5819034576416,21.571792602539062,21.562969207763672,21.552589416503906,21.543731689453125,21.537612915039062,21.53504180908203,21.534059524536133,21.540061950683594,21.550395965576172,21.568208694458008,21.593490600585938,21.62419891357422,21.65931510925293,21.69608497619629,21.733928680419922,21.770292282104492,21.804443359375,21.83514976501465,21.857345581054688,21.87691307067871,21.887582778930664,21.894880294799805,21.897537231445312,21.891990661621094,21.881805419921875,21.86699104309082,21.845844268798828,21.821733474731445,21.799652099609375,21.7801570892334,21.764644622802734,21.757139205932617
21.656835556030273,21.66346549987793,21.669649124145508,21.672639846801758,21.674182891845703,21.679458618164062,21.685468673706055,21.69023323059082,21.693525314331055,21.692371368408203,21.688556671142578,21.683509826660156,21.677289962768555,21.669931411743164,21.662384033203125,21.658363342285156,21.65663719177246,21.659976959228516,21.667707443237305,21.68342399597168,21.705276489257812,21.737232208251953,21.772905349731445,21.8118953704834,21.852874755859375,21.893980026245117,21.930572509765625,21.96291160583496,21.98969841003418,22.005876541137695,22.015230178833008,22.019412994384766,22.015941619873047,22.01061248779297,22.000335693359375,21.98326301574707,21.966693878173828,21.947162628173828,21.926517486572266,21.906753540039062,21.8934383392334,21.884130477905273,21.882244110107422
21.757644653320312,21.763141632080078,21.769916534423828,21.77825164794922,21.78629493713379,21.797203063964844,21.810590744018555,21.821683883666992,21.832172393798828,21.836658477783203,21.837663650512695,21.83738899230957,21.83807373046875,21.83517074584961,21.831350326538086,21.833301544189453,21.83873176574707,21.84831428527832,21.86393165588379,21.883516311645508,21.908506393432617,21.941431045532227,21.97888946533203,22.016340255737305,22.055395126342773,22.092233657836914,22.125385284423828,22.154497146606445,22.17253303527832,22.183752059936523,22.187976837158203,22.185514450073242,22.17794418334961,22.16800880432129,22.151996612548828,22.132307052612305,22.114973068237305,22.09842300415039,22.07975196838379,22.066516876220703,22.05642318725586,22.05178451538086,22.055072784423828
21.910221099853516,21.917997360229492,21.928857803344727,21.941858291625977,21.95635986328125,21.975126266479492,21.993045806884766,22.010976791381836,22.028331756591797,22.037334442138672,22.04340934753418,22.0477352142334,22.052297592163086,22.0580997467041,22.065038681030273,22.071504592895508,22.0847225189209,22.101179122924805,22.121824264526367,22.14611053466797,22.172422409057617,22.20439338684082,22.236215591430664,22.27107048034668,22.304311752319336,22.333751678466797,22.35964012145996,22.380016326904297,22.394140243530273,22.395246505737305,22.3918399810791,22.3840274810791,22.3740234375,22.36089515686035,22.34525489807129,22.32716178894043,22.312053680419922,22.30101776123047,22.289133071899414,22.280216217041016,22.27633285522461,22.27665138244629,22.277395248413086
22.133319854736328,22.15142059326172,22.17169761657715,22.19584083557129,22.21963119506836,22.24407196044922,22.267457962036133,22.286827087402344,22.302988052368164,22.312314987182617,22.31991958618164,22.326221466064453,22.334461212158203,22.348224639892578,22.362857818603516,22.382633209228516,22.403459548950195,22.42679786682129,22.450584411621094,22.478086471557617,22.50482749938965,22.5284366607666,22.55183982849121,22.573183059692383,22.59402847290039,22.615215301513672,22.63241958618164,22.644771575927734,22.6508846282959,22.652894973754883,22.648292541503906,22.637264251708984,22.62510871887207,22.61269760131836,22.59725570678711,22.581436157226562,22.567087173461914,22.55640411376953,22.551864624023438,22.545413970947266,22.54400634765625,22.545732498168945,22.551414489746094
22.408658981323242,22.444950103759766,22.480194091796875,22.51317596435547,22.546550750732422,22.57477378845215,22.60042381286621,22.624910354614258,22.645112991333008,22.65278434753418,22.657024383544922,22.661991119384766,22.674667358398438,22.6942081451416,22.716632843017578,22.74059295654297,22.768163681030273,22.79852867126465,22.82478904724121,22.848838806152344,22.87167739868164,22.886381149291992,22.900104522705078,22.912704467773438,22.921072006225586,22.929155349731445,22.937719345092773,22.94194793701172,22.9420108795166,22.939714431762695,22.933176040649414,22.92459487915039,22.912351608276367,22.89931297302246,22.88615608215332,22.874658584594727,22.86261749267578,22.85253143310547,22.845178604125977,22.83971405029297,22.839271545410156,22.842548370361328,22.847763061523438
22.723234176635742,22.772262573242188,22.821407318115234,22.868648529052734,22.91309356689453,22.94763946533203,22.97727394104004,23.002342224121094,23.022184371948242,23.03158950805664,23.037399291992188,23.04128074645996,23.05217933654785,23.07460594177246,23.102205276489258,23.129289627075195,23.158132553100586,23.18601417541504,23.211122512817383,23.234161376953125,23.246788024902344,23.25212287902832,23.255287170410156,23.25727081298828,23.259164810180664,23.25984764099121,23.260881423950195,23.256778717041016,23.253009796142578,23.24761962890625,23.239093780517578,23.22772789001465,23.215744018554688,23.20005989074707,23.184019088745117,23.168872833251953,23.157569885253906,23.150096893310547,23.144699096679688,23.141904830932617,23.13849449157715,23.145565032958984,23.15115737915039
23.029617309570312,23.089906692504883,23.147428512573242,23.201757431030273,23.252893447875977,23.29578971862793,23.328136444091797,23.35533332824707,23.37601661682129,23.387882232666016,23.39765739440918,23.41054344177246,23.424915313720703,23.450748443603516,23.473649978637695,23.501752853393555,23.527559280395508,23.55059051513672,23.568830490112305,23.583438873291016,23.592477798461914,23.592144012451172,23.58766746520996,23.581748962402344,23.57831382751465,23.576522827148438,23.57286834716797,23.5666561126709,23.555339813232422,23.546234130859375,23.53315544128418,23.5178279876709,23.499223709106445,23.4799747467041,23.46175765991211,23.441741943359375,23.427642822265625,23.418346405029297,23.412334442138672,23.40980339050293,23.40764808654785,23.409515380859375,23.419689178466797
23.28713607788086,23.350473403930664,23.411367416381836,23.468339920043945,23.52095603942871,23.566516876220703,23.60281753540039,23.635196685791016,23.661344528198242,23.6800594329834,23.696693420410156,23.713481903076172,23.73301887512207,23.757034301757812,23.78434944152832,23.80800437927246,23.831418991088867,23.8474063873291,23.85934829711914,23.865882873535156,23.867124557495117,23.864425659179688,23.85904884338379,23.850868225097656,23.848146438598633,23.84933090209961,23.849929809570312,23.847389221191406,23.834566116333008,23.815603256225586,23.795143127441406,23.772003173828125,23.743310928344727,23.71565055847168,23.688858032226562,23.664976119995117,23.64814567565918,23.63694190979004,23.63204002380371,23.629901885986328,23.631521224975586,23.635417938232422,23.643796920776367
23.442922592163086,23.50764274597168,23.567096710205078,23.619997024536133,23.6690616607666,23.71258544921875,23.751672744750977,23.78515625,23.817506790161133,23.842708587646484,23.865436553955078,23.886049270629883,23.912006378173828,23.940805435180664,23.969778060913086,23.997285842895508,24.015291213989258,24.026935577392578,24.033536911010742,24.03676986694336,24.03668975830078,24.035802841186523,24.03390884399414,24.030771255493164,24.036575317382812,24.042827606201172,24.04627799987793,24.04620933532715,24.034469604492188,24.013916015625,23.99082374572754,23.96171760559082,23.925077438354492,23.88939666748047,23.85552215576172,23.82574462890625,23.807880401611328,23.79584312438965,23.787748336791992,23.78506851196289,23.784648895263672,23.789306640625,23.79644775390625
23.452272415161133,23.51504135131836,23.569835662841797,23.618995666503906,23.665176391601562,23.70965576171875,23.749528884887695,23.78603172302246,23.818742752075195,23.847501754760742,23.87162208557129,23.898134231567383,23.92658233642578,23.957805633544922,23.98731803894043,24.016672134399414,24.036489486694336,24.051443099975586,24.065189361572266,24.07420539855957,24.07891845703125,24.085214614868164,24.089279174804688,24.093809127807617,24.107751846313477,24.123674392700195,24.13521957397461,24.14103126525879,24.131622314453125,24.1126708984375,24.089876174926758,24.059995651245117,24.020109176635742,23.981428146362305,23.943347930908203,23.911699295043945,23.893281936645508,23.88294219970703,23.876007080078125,23.870498657226562,23.86753273010254,23.864805221557617,23.867355346679688
23.28778648376465,23.342926025390625,23.39239501953125,23.438615798950195,23.48320960998535,23.529478073120117,23.57171058654785,23.609086990356445,23.64164924621582,23.670656204223633,23.696273803710938,23.72098159790039,23.75086784362793,23.78195571899414,23.815229415893555,23.845989227294922,23.873580932617188,23.899301528930664,23.92544174194336,23.948537826538086,23.968767166137695,23.987071990966797,24.00309181213379,24.020122528076172,24.04521942138672,24.06936264038086,24.08856964111328,24.10003089904785,24.096847534179688,24.08462142944336,24.066205978393555,24.042478561401367,24.010665893554688,23.977039337158203,23.94772720336914,23.920358657836914,23.904661178588867,23.892213821411133,23.880979537963867,23.870731353759766,23.859477996826172,23.851280212402344,23.841768264770508
22.921613693237305,22.97372055053711,23.021827697753906,23.06468391418457,23.11171531677246,23.16118812561035,23.20718765258789,23.246761322021484,23.28013038635254,23.305604934692383,23.32979393005371,23.35292625427246,23.381441116333008,23.41275405883789,23.446449279785156,23.489234924316406,23.531686782836914,23.574052810668945,23.617420196533203,23.657085418701172,23.69614601135254,23.734399795532227,23.773595809936523,23.806968688964844,23.841690063476562,23.873859405517578,23.90060806274414,23.918437957763672,23.92268180847168,23.920700073242188,23.91155433654785,23.897953033447266,23.879657745361328,23.85907554626465,23.839298248291016,23.82269859313965,23.810623168945312,23.800283432006836,23.787517547607422,23.77065086364746,23.74880027770996,23.727333068847656,23.70612907409668
22.364866256713867,22.415685653686523,22.462749481201172,22.5101318359375,22.556095123291016,22.604272842407227,22.649471282958984,22.693634033203125,22.730621337890625,22.76443862915039,22.78755760192871,22.81220817565918,22.84164047241211,22.87968635559082,22.92148208618164,22.968238830566406,23.022621154785156,23.084688186645508,23.149063110351562,23.21402359008789,23.276376724243164,23.33851432800293,23.398056030273438,23.456233978271484,23.50505256652832,23.545352935791016,23.581247329711914,23.607868194580078,23.622636795043945,23.629724502563477,23.63187026977539,23.631982803344727,23.628767013549805,23.62186050415039,23.612600326538086,23.605958938598633,23.601083755493164,23.591888427734375,23.5781192779541,23.552797317504883,23.52196502685547,23.487825393676758,23.45249366760254
