DATA/HARM750/wind130m_forecast_202202170000_HARM750_WFP_DT.json
{"header": {"parameterCategory": 2, "parameterNumber": 2, "lo1": 2.2127522500000008, "la1": 52.23137826, "dx": 0.03149999999999942, "dy": 0.031500000000001194, "nx": 44, "ny": 40, "refTime": "2022-02-17T00:00:00.000000000"}, "data":
[rows 0 to 18 of 40, columns 0 to 42 of 44]
22.857004165649414,22.92817497253418,22.96686363220215,22.966604232788086,22.932321548461914,22.853527069091797,22.761375427246094,22.6644344329834,22.579805374145508,22.50415802001953,22.44436264038086,22.396419525146484,22.37215805053711,22.353240966796875,22.360248565673828,22.39849090576172,22.466320037841797,22.5519962310791,22.644289016723633,22.742952346801758,22.815208435058594,22.874221801757812,22.901803970336914,22.903268814086914,22.884994506835938,22.83742904663086,22.7761173248291,22.704423904418945,22.64149284362793,22.594120025634766,22.5664005279541,22.5726318359375,22.612449645996094,22.668148040771484,22.741687774658203,22.81924057006836,22.89781379699707,22.96986198425293,23.03570556640625,23.09823226928711,23.156511306762695,23.196033477783203,23.219331741333008
22.823713302612305,22.859464645385742,22.86212730407715,22.83247184753418,22.774003982543945,22.698455810546875,22.609121322631836,22.52155303955078,22.443275451660156,22.376434326171875,22.31798553466797,22.27972984313965,22.26113510131836,22.276473999023438,22.30693244934082,22.381603240966797,22.472103118896484,22.572973251342773,22.669260025024414,22.74726104736328,22.80670738220215,22.821319580078125,22.806800842285156,22.760868072509766,22.695554733276367,22.618131637573242,22.535844802856445,22.454578399658203,22.397430419921875,22.36004066467285,22.352977752685547,22.37224578857422,22.417709350585938,22.484561920166016,22.546794891357422,22.626407623291016,22.69428062438965,22.768417358398438,22.837203979492188,22.90507698059082,22.96506690979004,23.00948143005371,23.029109954833984
22.790224075317383,22.80597496032715,22.78144645690918,22.73311424255371,22.66529655456543,22.58730125427246,22.511598587036133,22.425249099731445,22.354249954223633,22.297143936157227,22.24835205078125,22.2239990234375,22.230093002319336,22.267675399780273,22.337173461914062,22.41933250427246,22.522090911865234,22.6143741607666,22.684350967407227,22.729894638061523,22.7447509765625,22.724925994873047,22.67922592163086,22.60948944091797,22.530847549438477,22.444427490234375,22.362503051757812,22.29253578186035,22.239364624023438,22.2229061126709,22.216617584228516,22.236589431762695,22.271194458007812,22.317209243774414,22.370471954345703,22.431743621826172,22.502758026123047,22.58148765563965,22.654123306274414,22.720781326293945,22.774621963500977,22.805274963378906,22.82464599609375
22.794296264648438,22.779674530029297,22.74020767211914,22.67062759399414,22.595888137817383,22.52621078491211,22.458009719848633,22.395471572875977,22.340068817138672,22.30135726928711,22.276960372924805,22.271743774414062,22.299806594848633,22.3625545501709,22.440876007080078,22.525169372558594,22.60139274597168,22.660585403442383,22.685211181640625,22.684350967407227,22.66343116760254,22.628284454345703,22.56711769104004,22.50546646118164,22.42269515991211,22.349992752075195,22.274370193481445,22.208885192871094,22.162792205810547,22.132314682006836,22.122207641601562,22.12115478515625,22.141294479370117,22.175485610961914,22.2279109954834,22.292675018310547,22.37003517150879,22.442285537719727,22.514938354492188,22.560504913330078,22.594364166259766,22.612152099609375,22.620038986206055
22.779603958129883,22.75404167175293,22.685976028442383,22.609386444091797,22.536720275878906,22.481189727783203,22.43570899963379,22.401958465576172,22.37596893310547,22.369056701660156,22.368566513061523,22.39409828186035,22.440200805664062,22.509244918823242,22.582426071166992,22.633705139160156,22.671520233154297,22.68527603149414,22.66582679748535,22.632604598999023,22.591672897338867,22.54865264892578,22.4985408782959,22.433900833129883,22.368438720703125,22.289596557617188,22.214099884033203,22.14079475402832,22.083248138427734,22.044883728027344,22.02663803100586,22.023536682128906,22.05238151550293,22.09308624267578,22.15886878967285,22.230220794677734,22.303363800048828,22.369123458862305,22.418298721313477,22.44058609008789,22.443748474121094,22.44129753112793,22.4376277923584
22.70219612121582,22.653278350830078,22.581270217895508,22.504487991333008,22.447673797607422,22.41774559020996,22.402971267700195,22.40058135986328,22.41343116760254,22.429828643798828,22.46049690246582,22.49662971496582,22.54778289794922,22.60481071472168,22.65566062927246,22.678918838500977,22.68135643005371,22.66284942626953,22.6240177154541,22.574077606201172,22.531356811523438,22.48664093017578,22.436859130859375,22.371070861816406,22.293434143066406,22.213970184326172,22.12500762939453,22.05031967163086,22.000869750976562,21.980112075805664,21.980655670166016,22.00368309020996,22.04201889038086,22.099206924438477,22.16238784790039,22.229907989501953,22.279712677001953,22.315139770507812,22.330533981323242,22.31884765625,22.29295539855957,22.2667179107666,22.249759674072266
22.527690887451172,22.470367431640625,22.408227920532227,22.34193992614746,22.315732955932617,22.302824020385742,22.323867797851562,22.34987449645996,22.38776969909668,22.430538177490234,22.46488380432129,22.512638092041016,22.547758102416992,22.593717575073242,22.62063217163086,22.624135971069336,22.60848045349121,22.577781677246094,22.535978317260742,22.48731803894043,22.441652297973633,22.394775390625,22.341190338134766,22.262962341308594,22.179969787597656,22.10099983215332,22.033124923706055,21.98564910888672,21.974515914916992,21.99412727355957,22.02735710144043,22.073225021362305,22.12444305419922,22.171056747436523,22.21238136291504,22.23575782775879,22.244308471679688,22.22968864440918,22.201478958129883,22.15266990661621,22.103967666625977,22.06484031677246,22.056779861450195
22.257421493530273,22.202585220336914,22.152467727661133,22.116050720214844,22.113082885742188,22.137178421020508,22.18136215209961,22.229997634887695,22.28331756591797,22.332345962524414,22.371877670288086,22.410898208618164,22.44103240966797,22.470144271850586,22.48046875,22.476886749267578,22.453567504882812,22.41966438293457,22.378238677978516,22.328350067138672,22.280607223510742,22.223644256591797,22.17140007019043,22.10158348083496,22.0419921875,21.999515533447266,21.978256225585938,21.983049392700195,22.018861770629883,22.08072853088379,22.14103889465332,22.187299728393555,22.22060203552246,22.236005783081055,22.230064392089844,22.20448112487793,22.163686752319336,22.108591079711914,22.046133041381836,21.980060577392578,21.9256534576416,21.890169143676758,21.87969970703125
21.90532112121582,21.870328903198242,21.846946716308594,21.839073181152344,21.860843658447266,21.906124114990234,21.962692260742188,22.02157211303711,22.082792282104492,22.139484405517578,22.18497657775879,22.22447967529297,22.256540298461914,22.2744083404541,22.27812957763672,22.26295280456543,22.2278995513916,22.182533264160156,22.129032135009766,22.07390022277832,22.02398109436035,21.982709884643555,21.948558807373047,21.918533325195312,21.905363082885742,21.91398048400879,21.948410034179688,21.999725341796875,22.06616973876953,22.138671875,22.194971084594727,22.225317001342773,22.234169006347656,22.22216796875,22.1881103515625,22.139041900634766,22.083980560302734,22.0187931060791,21.95009994506836,21.879837036132812,21.82105827331543,21.779972076416016,21.761497497558594
21.535764694213867,21.5183048248291,21.51541519165039,21.526628494262695,21.560251235961914,21.613779067993164,21.678926467895508,21.747955322265625,21.827037811279297,21.895828247070312,21.952844619750977,21.993879318237305,22.022233963012695,22.029630661010742,22.0169677734375,21.986135482788086,21.936059951782227,21.885597229003906,21.833833694458008,21.786827087402344,21.752267837524414,21.73151206970215,21.72773551940918,21.73884391784668,21.773759841918945,21.82529640197754,21.893674850463867,21.9646053314209,22.03097152709961,22.08977508544922,22.13160514831543,22.148784637451172,22.1512451171875,22.14491844177246,22.123329162597656,22.093732833862305,22.051982879638672,22.000314712524414,21.937402725219727,21.865707397460938,21.808773040771484,21.752824783325195,21.727968215942383
21.19902992248535,21.20136833190918,21.212221145629883,21.23961639404297,21.2855224609375,21.347885131835938,21.421850204467773,21.50209617614746,21.58439064025879,21.655637741088867,21.7065486907959,21.741348266601562,21.75399398803711,21.74605941772461,21.724145889282227,21.690706253051758,21.649534225463867,21.607120513916016,21.566869735717773,21.534534454345703,21.518587112426758,21.522750854492188,21.54895782470703,21.597719192504883,21.666099548339844,21.73670768737793,21.811105728149414,21.873689651489258,21.92607307434082,21.967998504638672,22.003616333007812,22.036327362060547,22.06275177001953,22.08654022216797,22.097713470458984,22.08843421936035,22.0613956451416,22.019901275634766,21.961288452148438,21.897567749023438,21.840099334716797,21.791522979736328,21.768266677856445
20.973459243774414,20.996370315551758,21.029983520507812,21.073699951171875,21.12969398498535,21.196041107177734,21.266809463500977,21.343473434448242,21.41509246826172,21.46906089782715,21.505470275878906,21.520736694335938,21.519487380981445,21.498950958251953,21.47135353088379,21.44529151916504,21.41709327697754,21.393339157104492,21.3734073638916,21.3685245513916,21.376874923706055,21.40465545654297,21.44896125793457,21.51323890686035,21.584705352783203,21.652183532714844,21.715524673461914,21.768285751342773,21.822208404541016,21.863603591918945,21.919343948364258,21.97660255432129,22.026975631713867,22.071386337280273,22.092994689941406,22.09697151184082,22.0640869140625,22.02399253845215,21.97102928161621,21.925825119018555,21.890470504760742,21.874679565429688,21.884300231933594
20.90451431274414,20.944631576538086,20.992408752441406,21.051231384277344,21.109825134277344,21.175575256347656,21.23670768737793,21.299087524414062,21.35047149658203,21.383033752441406,21.395221710205078,21.388715744018555,21.367992401123047,21.334794998168945,21.308578491210938,21.293886184692383,21.286903381347656,21.28812026977539,21.294313430786133,21.3140869140625,21.33130645751953,21.36553955078125,21.409931182861328,21.470943450927734,21.534557342529297,21.59209632873535,21.64800453186035,21.702178955078125,21.75440216064453,21.807754516601562,21.871702194213867,21.945720672607422,22.008129119873047,22.048799514770508,22.068851470947266,22.064470291137695,22.035282135009766,22.000545501708984,21.977861404418945,21.977664947509766,21.99069595336914,22.024028778076172,22.07025146484375
20.96095848083496,21.015851974487305,21.077709197998047,21.139230728149414,21.197195053100586,21.243667602539062,21.291296005249023,21.3273868560791,21.355464935302734,21.365161895751953,21.357791900634766,21.339134216308594,21.306379318237305,21.28029441833496,21.25833511352539,21.261198043823242,21.268701553344727,21.284366607666016,21.304792404174805,21.32973861694336,21.353294372558594,21.379268646240234,21.419239044189453,21.469100952148438,21.519908905029297,21.5679874420166,21.613988876342773,21.659446716308594,21.706785202026367,21.754331588745117,21.813804626464844,21.88198471069336,21.939342498779297,21.974014282226562,21.996517181396484,22.00324821472168,22.000200271606445,22.003740310668945,22.042255401611328,22.095121383666992,22.160877227783203,22.223642349243164,22.288240432739258
21.096773147583008,21.155858993530273,21.215166091918945,21.27128028869629,21.30784797668457,21.335376739501953,21.35375213623047,21.370630264282227,21.374874114990234,21.37456512451172,21.362707138061523,21.344377517700195,21.32284164428711,21.302648544311523,21.2928524017334,21.303678512573242,21.319690704345703,21.343217849731445,21.367359161376953,21.393329620361328,21.415292739868164,21.43553924560547,21.47100830078125,21.507753372192383,21.54798126220703,21.578550338745117,21.60736846923828,21.63082504272461,21.65155029296875,21.678314208984375,21.719064712524414,21.77188491821289,21.822128295898438,21.863969802856445,21.90547752380371,21.951845169067383,22.006820678710938,22.072179794311523,22.16432762145996,22.260345458984375,22.3461856842041,22.414091110229492,22.46100616455078
21.258310317993164,21.3092041015625,21.3594913482666,21.396425247192383,21.409469604492188,21.41526985168457,21.407695770263672,21.406681060791016,21.392902374267578,21.39103889465332,21.379161834716797,21.371692657470703,21.359643936157227,21.352399826049805,21.36125946044922,21.372501373291016,21.40729331970215,21.427419662475586,21.46330451965332,21.488449096679688,21.51511573791504,21.537717819213867,21.566104888916016,21.596363067626953,21.618770599365234,21.62754249572754,21.628480911254883,21.61947250366211,21.61284637451172,21.611501693725586,21.633710861206055,21.672630310058594,21.724355697631836,21.788957595825195,21.866024017333984,21.957679748535156,22.059926986694336,22.169069290161133,22.280534744262695,22.381515502929688,22.451745986938477,22.47970962524414,22.487852096557617
21.415712356567383,21.455305099487305,21.486003875732422,21.502300262451172,21.498558044433594,21.48470115661621,21.46827507019043,21.44972038269043,21.43349266052246,21.425140380859375,21.415206909179688,21.410953521728516,21.407814025878906,21.412986755371094,21.431495666503906,21.457530975341797,21.496278762817383,21.53411865234375,21.579872131347656,21.616132736206055,21.65311050415039,21.677732467651367,21.702083587646484,21.71691131591797,21.715242385864258,21.70315933227539,21.672256469726562,21.648427963256836,21.62075424194336,21.615633010864258,21.633697509765625,21.676490783691406,21.73986053466797,21.81947898864746,21.913484573364258,22.01715660095215,22.125259399414062,22.22467803955078,22.310592651367188,22.370939254760742,22.399370193481445,22.39208221435547,22.36309242248535
21.545557022094727,21.567981719970703,21.580150604248047,21.585721969604492,21.579362869262695,21.566726684570312,21.550498962402344,21.53569984436035,21.51873779296875,21.507625579833984,21.498594284057617,21.4935302734375,21.496747970581055,21.507463455200195,21.5371036529541,21.57759666442871,21.62748146057129,21.68712043762207,21.74067497253418,21.788915634155273,21.819992065429688,21.838008880615234,21.84543800354004,21.83827781677246,21.820770263671875,21.791522979736328,21.758058547973633,21.732711791992188,21.711660385131836,21.715986251831055,21.742534637451172,21.797916412353516,21.863704681396484,21.94098472595215,22.0240535736084,22.100589752197266,22.172060012817383,22.219850540161133,22.267305374145508,22.27812385559082,22.274873733520508,22.23702621459961,22.18533706665039
21.656835556030273,21.663488388061523,21.672639846801758,21.680139541625977,21.685468673706055,21.693553924560547,21.692371368408203,21.687368392944336,21.677289962768555,21.66522789001465,21.658363342285156,21.659242630004883,21.667707443237305,21.696081161499023,21.737232208251953,21.793657302856445,21.852874755859375,21.912349700927734,21.96291160583496,21.998504638671875,22.015230178833008,22.023395538330078,22.01061248779297,21.99641990661621,21.966693878173828,21.936668395996094,21.906753540039062,21.887535095214844,21.882244110107422,21.89632797241211,21.93555450439453,21.997467041015625,22.061954498291016,22.122417449951172,22.176013946533203,22.213993072509766,22.239498138427734,22.25159454345703,22.253658294677734,22.231828689575195,22.20009994506836,22.132856369018555,22.057294845581055
