DATA/HARM750/wind130m_forecast_202202170000_HARM750_WFP_DT.json
{"header": {"parameterCategory": 2, "parameterNumber": 3, "lo1": 1.2152522500000003, "la1": 53.22887826, "dx": 0.06299999999999972, "dy": 0.06300000000000239, "nx": 54, "ny": 52, "refTime": "2022-02-17T00:00:00.000000000"}, "data":
[rows 0 to 19 of 52, columns 0 to 43 of 54]
3.0739238262176514,3.163306713104248,3.2507121562957764,3.2964189052581787,3.2698543071746826,3.1514875888824463,2.9611735343933105,2.7159616947174072,2.4700424671173096,2.259716749191284,2.136277675628662,2.107734203338623,2.162198066711426,2.266432523727417,2.376296281814575,2.4516985416412354,2.4905052185058594,2.516575336456299,2.5357651710510254,2.539006471633911,2.5300755500793457,2.5315968990325928,2.537783622741699,2.553107500076294,2.5796918869018555,2.6207923889160156,2.660374879837036,2.681519031524658,2.6973659992218018,2.69677734375,2.6626148223876953,2.578540563583374,2.472890615463257,2.360460042953491,2.2576327323913574,2.1780292987823486,2.1608316898345947,2.193082094192505,2.247114658355713,2.2809104919433594,2.302994728088379,2.3098390102386475,2.3132517337799072,2.3274710178375244
3.5615596771240234,3.6997509002685547,3.7920148372650146,3.7739624977111816,3.629732370376587,3.365783214569092,3.048926591873169,2.7258291244506836,2.456244945526123,2.2755253314971924,2.18813419342041,2.1579201221466064,2.1515159606933594,2.147780656814575,2.123046398162842,2.061561346054077,1.9772754907608032,1.9031027555465698,1.8452774286270142,1.8109341859817505,1.818165898323059,1.8997284173965454,2.0158979892730713,2.1361939907073975,2.2306811809539795,2.3089261054992676,2.354310989379883,2.372790813446045,2.381105899810791,2.3743467330932617,2.323178291320801,2.2350475788116455,2.1611459255218506,2.115055561065674,2.087157964706421,2.0764048099517822,2.1112637519836426,2.1550676822662354,2.1748886108398438,2.156660318374634,2.152280330657959,2.143463373184204,2.1326422691345215,2.1328163146972656
3.7771942615509033,3.9184024333953857,3.938971519470215,3.7943220138549805,3.528353452682495,3.2180330753326416,2.9557409286499023,2.742802619934082,2.5836286544799805,2.4882588386535645,2.440791368484497,2.3878185749053955,2.302671194076538,2.183419942855835,2.0393433570861816,1.8676525354385376,1.6832845211029053,1.5326049327850342,1.4366793632507324,1.4176199436187744,1.4718660116195679,1.5963218212127686,1.725095272064209,1.830517053604126,1.90915048122406,1.9900846481323242,2.03414249420166,2.032609701156616,1.9916974306106567,1.9474655389785767,1.8868608474731445,1.8161017894744873,1.7762246131896973,1.7821778059005737,1.8098361492156982,1.8406822681427002,1.9032038450241089,1.9621680974960327,1.9826607704162598,1.956393837928772,1.9501954317092896,1.959356665611267,1.9745978116989136,2.0042712688446045
3.5253512859344482,3.5281591415405273,3.4191482067108154,3.229266881942749,3.0219662189483643,2.86095929145813,2.7872955799102783,2.7769412994384766,2.8030803203582764,2.8315296173095703,2.8369414806365967,2.765185594558716,2.60190486907959,2.3732433319091797,2.1110382080078125,1.8477529287338257,1.6135790348052979,1.4656902551651,1.410500168800354,1.4271374940872192,1.4785364866256714,1.5520155429840088,1.6317263841629028,1.7079455852508545,1.7638161182403564,1.7920204401016235,1.7718524932861328,1.7150402069091797,1.6496942043304443,1.6062151193618774,1.5720707178115845,1.5462714433670044,1.5402637720108032,1.5610754489898682,1.5815010070800781,1.593483328819275,1.6119961738586426,1.6306565999984741,1.6341317892074585,1.6241928339004517,1.6364649534225464,1.6935302019119263,1.7882641553878784,1.9045735597610474
2.847783088684082,2.7537899017333984,2.651939630508423,2.5668604373931885,2.525348424911499,2.5565030574798584,2.688936233520508,2.8833329677581787,3.071084499359131,3.18149733543396,3.1600773334503174,2.9993813037872314,2.7279210090637207,2.4192376136779785,2.1397767066955566,1.9312143325805664,1.7992795705795288,1.7325265407562256,1.712944746017456,1.7111833095550537,1.7048908472061157,1.6955785751342773,1.679686427116394,1.6449916362762451,1.5865540504455566,1.5200421810150146,1.4761078357696533,1.463049292564392,1.46897554397583,1.4805625677108765,1.4812146425247192,1.465824842453003,1.4446274042129517,1.435229778289795,1.4186042547225952,1.3806548118591309,1.325850009918213,1.2744923830032349,1.2345293760299683,1.2358810901641846,1.2932442426681519,1.4217170476913452,1.5902106761932373,1.7715150117874146
2.106344699859619,2.090233325958252,2.085866689682007,2.138028621673584,2.2411398887634277,2.4455783367156982,2.7395436763763428,3.038140058517456,3.2369208335876465,3.273879051208496,3.145596742630005,2.9151015281677246,2.632207155227661,2.362276315689087,2.165257215499878,2.0601651668548584,2.027754783630371,2.0248353481292725,2.0300309658050537,2.011254072189331,1.945522427558899,1.8237390518188477,1.6810349225997925,1.535765290260315,1.4118014574050903,1.3357487916946411,1.3267638683319092,1.3466542959213257,1.3638691902160645,1.367466688156128,1.3820163011550903,1.387743592262268,1.3604249954223633,1.2994613647460938,1.2287883758544922,1.1538560390472412,1.0805050134658813,1.0395442247390747,1.0460633039474487,1.1028388738632202,1.2023627758026123,1.3466171026229858,1.5157173871994019,1.6784627437591553
1.7274678945541382,1.7638589143753052,1.80422842502594,1.9272334575653076,2.1746389865875244,2.4923577308654785,2.7819831371307373,3.004615306854248,3.0955331325531006,3.0487499237060547,2.89330792427063,2.6932642459869385,2.4910950660705566,2.323201894760132,2.2542335987091064,2.2814958095550537,2.34702730178833,2.3798038959503174,2.365474224090576,2.2869057655334473,2.1272525787353516,1.8919659852981567,1.6704062223434448,1.5011217594146729,1.3861747980117798,1.310700535774231,1.285876989364624,1.2937395572662354,1.3059895038604736,1.3087025880813599,1.3185720443725586,1.3053135871887207,1.2529962062835693,1.1711519956588745,1.1139025688171387,1.0814473628997803,1.0675022602081299,1.0789759159088135,1.1335418224334717,1.2177081108093262,1.3274736404418945,1.4600812196731567,1.598168969154358,1.724481463432312
1.610273838043213,1.66621994972229,1.7683922052383423,1.9469791650772095,2.195465087890625,2.4027559757232666,2.569962739944458,2.695023775100708,2.738666296005249,2.6797163486480713,2.547980308532715,2.422447681427002,2.3507933616638184,2.348909854888916,2.4372355937957764,2.5717833042144775,2.6663548946380615,2.6519558429718018,2.544605016708374,2.3761215209960938,2.159604072570801,1.924072027206421,1.7394589185714722,1.622960090637207,1.5472145080566406,1.4907063245773315,1.4823250770568848,1.5014878511428833,1.509116291999817,1.4687410593032837,1.3937559127807617,1.2966800928115845,1.2052377462387085,1.1493743658065796,1.1594786643981934,1.201277256011963,1.2627836465835571,1.3469864130020142,1.4618691205978394,1.5694736242294312,1.655306100845337,1.7392915487289429,1.8157483339309692,1.8723444938659668
1.6096200942993164,1.6354143619537354,1.7179341316223145,1.8291853666305542,1.9399147033691406,2.039243459701538,2.1535158157348633,2.2414777278900146,2.258376359939575,2.2088589668273926,2.1705925464630127,2.2136263847351074,2.330477476119995,2.4809610843658447,2.6379761695861816,2.751821994781494,2.764960765838623,2.6595778465270996,2.4815521240234375,2.2716500759124756,2.0571157932281494,1.8749048709869385,1.7708948850631714,1.7376453876495361,1.745331048965454,1.7651455402374268,1.7928091287612915,1.7870820760726929,1.7309355735778809,1.6372931003570557,1.5622879266738892,1.508277177810669,1.4809412956237793,1.474969744682312,1.5016754865646362,1.5589566230773926,1.6452722549438477,1.7492786645889282,1.8539563417434692,1.9223963022232056,1.952206015586853,1.976006031036377,2.005763053894043,2.042776584625244
1.5847359895706177,1.5649816989898682,1.5615286827087402,1.570935845375061,1.6121089458465576,1.6621400117874146,1.718608021736145,1.7314305305480957,1.700265645980835,1.6917905807495117,1.769803762435913,1.9185271263122559,2.097470760345459,2.2683277130126953,2.432102918624878,2.5302534103393555,2.5129213333129883,2.3777525424957275,2.1834335327148438,1.9692442417144775,1.7871371507644653,1.6840184926986694,1.6894164085388184,1.7460898160934448,1.815474510192871,1.868531346321106,1.9098355770111084,1.90486741065979,1.866047739982605,1.8302356004714966,1.8266700506210327,1.8153390884399414,1.8075380325317383,1.8274387121200562,1.8944804668426514,1.9724329710006714,2.0538315773010254,2.1204946041107178,2.153898239135742,2.1549477577209473,2.1611766815185547,2.194972276687622,2.251664876937866,2.3320577144622803
1.4417201280593872,1.3791797161102295,1.310686469078064,1.3045086860656738,1.3090776205062866,1.2844488620758057,1.2743862867355347,1.243164300918579,1.2233757972717285,1.2394764423370361,1.314379096031189,1.4294978380203247,1.5865561962127686,1.7725554704666138,1.9665166139602661,2.055996894836426,2.0005857944488525,1.8426380157470703,1.6813982725143433,1.5406452417373657,1.4526233673095703,1.4446543455123901,1.529015064239502,1.6313600540161133,1.706103801727295,1.7467707395553589,1.770412564277649,1.7741694450378418,1.7759627103805542,1.7959777116775513,1.8421180248260498,1.8964183330535889,1.9723466634750366,2.072719097137451,2.186072826385498,2.253570795059204,2.2831194400787354,2.298628091812134,2.320505142211914,2.3432223796844482,2.382951498031616,2.451894521713257,2.548255205154419,2.6769521236419678
1.2065486907958984,1.164734125137329,1.0981007814407349,1.1085728406906128,1.0780973434448242,1.008859395980835,0.9481439590454102,0.8878004550933838,0.8207052946090698,0.7701644897460938,0.7670084238052368,0.8607549667358398,1.0225505828857422,1.2072737216949463,1.3705071210861206,1.4446099996566772,1.4308586120605469,1.3629153966903687,1.300964593887329,1.2528009414672852,1.235023856163025,1.268140435218811,1.355767846107483,1.4540724754333496,1.5226759910583496,1.556808352470398,1.5640614032745361,1.5428367853164673,1.5307996273040771,1.5658000707626343,1.6629228591918945,1.7993450164794922,1.9477100372314453,2.0807061195373535,2.168576240539551,2.210355758666992,2.2488627433776855,2.2988078594207764,2.3600194454193115,2.4268736839294434,2.5215811729431152,2.655430793762207,2.835982322692871,3.0436697006225586
0.9169552326202393,0.9134132266044617,0.8979218006134033,0.9113326072692871,0.8823966383934021,0.7533774375915527,0.6604939103126526,0.5797899961471558,0.47893956303596497,0.41364747285842896,0.42047959566116333,0.5303159952163696,0.6691321134567261,0.795612633228302,0.9053829908370972,1.0049996376037598,1.0468615293502808,1.0229002237319946,0.9669546484947205,0.9383036494255066,0.9721277356147766,1.0763295888900757,1.2196539640426636,1.345796823501587,1.418652892112732,1.4315358400344849,1.407672643661499,1.3729133605957031,1.362102746963501,1.393984317779541,1.4742603302001953,1.5774502754211426,1.683528184890747,1.7796365022659302,1.8743720054626465,1.9745677709579468,2.0717580318450928,2.161693811416626,2.2526376247406006,2.3723206520080566,2.543950319290161,2.748293399810791,2.9568400382995605,3.160403251647949
0.728719174861908,0.7587766051292419,0.7877715229988098,0.6769860982894897,0.556998610496521,0.4488394260406494,0.375734806060791,0.30524080991744995,0.26979169249534607,0.2692495882511139,0.3212614953517914,0.4163176417350769,0.5184640884399414,0.6224353313446045,0.7255749702453613,0.7854101657867432,0.7530176043510437,0.6704750657081604,0.6165057420730591,0.6477150917053223,0.7454246878623962,0.8885807991027832,1.0529050827026367,1.2037783861160278,1.2989959716796875,1.329677700996399,1.3095970153808594,1.2716623544692993,1.2423596382141113,1.2474037408828735,1.2927935123443604,1.3709278106689453,1.4672564268112183,1.5629366636276245,1.641438603401184,1.7018903493881226,1.7633116245269775,1.8468505144119263,1.9777497053146362,2.172227621078491,2.3901751041412354,2.5969741344451904,2.7906622886657715,2.990447998046875
0.6025737524032593,0.5809091329574585,0.5181169509887695,0.4044952094554901,0.33104637265205383,0.258535236120224,0.2029801309108734,0.18450883030891418,0.2147158682346344,0.26763972640037537,0.352701872587204,0.43614962697029114,0.5177112817764282,0.5814300179481506,0.5960214734077454,0.5284942984580994,0.4204767346382141,0.3455047309398651,0.3488388955593109,0.41454944014549255,0.5174753665924072,0.665553629398346,0.8515474200248718,1.0351089239120483,1.1517572402954102,1.1990827322006226,1.1960502862930298,1.1692041158676147,1.1403902769088745,1.1443413496017456,1.1911972761154175,1.2591181993484497,1.31382417678833,1.3545689582824707,1.3896428346633911,1.426078200340271,1.4901502132415771,1.612135648727417,1.7797693014144897,1.9592325687408447,2.1410837173461914,2.346332311630249,2.583761692047119,2.849489688873291
0.42025133967399597,0.3849201500415802,0.3073335587978363,0.22144201397895813,0.154696986079216,0.10907648503780365,0.11314545571804047,0.18602247536182404,0.2655685245990753,0.37242764234542847,0.46988844871520996,0.5423582196235657,0.579850971698761,0.5588884353637695,0.47908899188041687,0.3778420686721802,0.3017047047615051,0.26193302869796753,0.26755231618881226,0.3274615705013275,0.4638833701610565,0.6595886945724487,0.8587589263916016,0.9876096248626709,1.0135974884033203,0.9873807430267334,0.9602481722831726,0.9524935483932495,0.9652167558670044,1.0213340520858765,1.1125781536102295,1.2008495330810547,1.2503509521484375,1.2891886234283447,1.331851601600647,1.3833338022232056,1.4395421743392944,1.5327534675598145,1.6703852415084839,1.8447555303573608,2.0515925884246826,2.3024227619171143,2.585092782974243,2.873284339904785
0.33102330565452576,0.2657727897167206,0.21103700995445251,0.1433664858341217,0.10846215486526489,0.11505035310983658,0.1720210462808609,0.2936701476573944,0.39320823550224304,0.4786563813686371,0.5379422903060913,0.5826413631439209,0.583556056022644,0.5249009728431702,0.4371854066848755,0.381381630897522,0.3611818850040436,0.3723224699497223,0.43212103843688965,0.5705921649932861,0.7435268759727478,0.8739673495292664,0.924644947052002,0.9078842401504517,0.8654372692108154,0.8226641416549683,0.7999531030654907,0.809410035610199,0.8560722470283508,0.9536347389221191,1.0812993049621582,1.202079176902771,1.2814754247665405,1.3384310007095337,1.3837257623672485,1.4243030548095703,1.4771671295166016,1.5917681455612183,1.774126648902893,1.9971657991409302,2.238414764404297,2.5029945373535156,2.7953827381134033,3.1273066997528076
0.11321289837360382,0.10739041864871979,0.10195132344961166,0.0782700702548027,0.08662664890289307,0.18016862869262695,0.2430025041103363,0.37797313928604126,0.4887344539165497,0.5770471692085266,0.6359453797340393,0.669770359992981,0.6562729477882385,0.6011053919792175,0.5425940155982971,0.5244749188423157,0.5380738973617554,0.5915817022323608,0.6961288452148438,0.8381008505821228,0.9207050800323486,0.9183816909790039,0.8671793341636658,0.8179169297218323,0.7569172978401184,0.6852133870124817,0.6523477435112,0.7010460495948792,0.8250216841697693,0.9808673858642578,1.1332687139511108,1.2539088726043701,1.3302749395370483,1.385694146156311,1.4463567733764648,1.5342639684677124,1.6658601760864258,1.84320867061615,2.0447707176208496,2.2472031116485596,2.4504473209381104,2.698496103286743,3.011012077331543,3.3752903938293457
0.05343356356024742,0.015161991119384766,0.000945849868003279,-0.014209132641553879,0.09323091804981232,0.2041713148355484,0.3410053849220276,0.4381447434425354,0.539024293422699,0.6176716089248657,0.6563664078712463,0.6518095135688782,0.6183948516845703,0.5801107883453369,0.5640280246734619,0.5814436078071594,0.6202443242073059,0.6769934296607971,0.7348591089248657,0.7715342044830322,0.7511909604072571,0.7035486102104187,0.6507383584976196,0.6000452041625977,0.5217280983924866,0.48852086067199707,0.5609114766120911,0.72891765832901,0.9131721258163452,1.071076512336731,1.2010085582733154,1.3087469339370728,1.3900591135025024,1.4641530513763428,1.558071494102478,1.680692434310913,1.8280805349349976,1.9987587928771973,2.1882998943328857,2.3969204425811768,2.6357972621917725,2.9071857929229736,3.2035746574401855,3.5246057510375977
0.011016260832548141,-0.001503750798292458,0.041620414704084396,0.060246314853429794,0.212557852268219,0.32110193371772766,0.41751688718795776,0.5039275884628296,0.5806039571762085,0.6166814565658569,0.6075241565704346,0.5747781991958618,0.5502606630325317,0.5271472334861755,0.506678581237793,0.49543607234954834,0.5015134811401367,0.5128044486045837,0.5121897459030151,0.4823448956012726,0.4286588728427887,0.36290255188941956,0.3003920316696167,0.2702775001525879,0.30512750148773193,0.44612738490104675,0.6570227742195129,0.8610319495201111,1.00882887840271,1.1342006921768188,1.2564085721969604,1.363305687904358,1.442590594291687,1.5314286947250366,1.669167399406433,1.8445605039596558,2.03092360496521,2.2244527339935303,2.4363269805908203,2.646294593811035,2.854416847229004,3.078605890274048,3.348484516143799,3.6675100326538086
