DATA/HARM750/wind10m_forecast_202202170000_HARM750_WFP_DT.json
{"header": {"parameterCategory": 2, "parameterNumber": 3, "lo1": 1.2152522500000003, "la1": 53.22887826, "dx": 0.06299999999999972, "dy": 0.06300000000000239, "nx": 54, "ny": 52, "refTime": "2022-02-17T00:00:00.000000000"}, "data":
[rows 0 to 18 of 52, columns 0 to 43 of 54]
2.63321590423584,2.7055954933166504,2.7532925605773926,2.7441391944885254,2.671294689178467,2.545011520385742,2.391132116317749,2.2145354747772217,2.034072160720825,1.8800816535949707,1.810636281967163,1.8219306468963623,1.8926198482513428,1.964246153831482,2.053900957107544,2.143889904022217,2.223198413848877,2.255183696746826,2.259812593460083,2.243680715560913,2.2260046005249023,2.2228009700775146,2.2516932487487793,2.3087940216064453,2.375483274459839,2.4155821800231934,2.4331204891204834,2.430251121520996,2.416160821914673,2.377173900604248,2.316781997680664,2.2460153102874756,2.175837755203247,2.0993287563323975,2.033421039581299,1.9885796308517456,1.9894211292266846,2.020390033721924,2.0546212196350098,2.0647361278533936,2.0737974643707275,2.088987112045288,2.1105916500091553,2.1219401359558105
3.141737699508667,3.237757921218872,3.243842840194702,3.1493239402770996,2.9733736515045166,2.736633062362671,2.4425864219665527,2.158057928085327,1.9504526853561401,1.8564248085021973,1.8182867765426636,1.811655044555664,1.825573444366455,1.8594906330108643,1.8671902418136597,1.8332388401031494,1.7709436416625977,1.70064377784729,1.6490530967712402,1.6330803632736206,1.683428168296814,1.7851176261901855,1.9081323146820068,2.0238311290740967,2.1122817993164062,2.177771806716919,2.2176473140716553,2.230412721633911,2.208219289779663,2.15154767036438,2.069295644760132,1.9815220832824707,1.912599802017212,1.8770904541015625,1.8747457265853882,1.904307246208191,1.9452641010284424,1.9742320775985718,1.972542643547058,1.9480079412460327,1.9290794134140015,1.914064884185791,1.9132440090179443,1.9362599849700928
3.3549485206604004,3.444779634475708,3.3899595737457275,3.184319019317627,2.90655517578125,2.63788104057312,2.398791790008545,2.21134614944458,2.0966601371765137,2.055673837661743,2.008845329284668,1.9704155921936035,1.9445112943649292,1.9196211099624634,1.8189311027526855,1.6640770435333252,1.5114928483963013,1.4083236455917358,1.3512908220291138,1.348900318145752,1.4143562316894531,1.5273590087890625,1.6451148986816406,1.7513045072555542,1.8469411134719849,1.9175511598587036,1.9375845193862915,1.9021462202072144,1.8295978307724,1.7612557411193848,1.7035881280899048,1.6552785634994507,1.6281026601791382,1.6366221904754639,1.6760004758834839,1.7206920385360718,1.7569165229797363,1.7822185754776,1.7878066301345825,1.7738665342330933,1.7643181085586548,1.7758052349090576,1.8114583492279053,1.8731902837753296
3.0222103595733643,2.98502254486084,2.866196632385254,2.692284107208252,2.5400726795196533,2.456542491912842,2.4085183143615723,2.3864197731018066,2.380448579788208,2.3758816719055176,2.3411550521850586,2.2806310653686523,2.179596185684204,2.014932155609131,1.7875250577926636,1.5778073072433472,1.428037405014038,1.3332858085632324,1.2792093753814697,1.2886855602264404,1.365537405014038,1.4649486541748047,1.559741735458374,1.6323975324630737,1.6718569993972778,1.6454888582229614,1.5850836038589478,1.5184717178344727,1.4694007635116577,1.4384496212005615,1.4221787452697754,1.4195427894592285,1.4333586692810059,1.4669662714004517,1.5088233947753906,1.5401774644851685,1.5629503726959229,1.5856724977493286,1.5929378271102905,1.581646203994751,1.5710067749023438,1.6135514974594116,1.703261375427246,1.8024616241455078
2.310072422027588,2.205012559890747,2.121793031692505,2.1081182956695557,2.1764941215515137,2.2917401790618896,2.42065691947937,2.561375856399536,2.6754977703094482,2.709852695465088,2.6374716758728027,2.4879302978515625,2.2717981338500977,2.0078001022338867,1.766205906867981,1.6058292388916016,1.5157188177108765,1.4447187185287476,1.4264709949493408,1.4730558395385742,1.5505404472351074,1.5658048391342163,1.5362857580184937,1.4824256896972656,1.4169367551803589,1.3262568712234497,1.2766145467758179,1.2802523374557495,1.3163952827453613,1.340789794921875,1.3669443130493164,1.3904221057891846,1.4073152542114258,1.4171662330627441,1.4010486602783203,1.357159972190857,1.2880265712738037,1.2371892929077148,1.2076419591903687,1.218117356300354,1.2810460329055786,1.4214524030685425,1.5828325748443604,1.7148149013519287
2.041454792022705,2.0196495056152344,1.8982858657836914,1.7543060779571533,1.9323405027389526,2.1988861560821533,2.478262186050415,2.73280930519104,2.86852765083313,2.8289010524749756,2.6434428691864014,2.416374444961548,2.181462526321411,1.9582200050354004,1.7906571626663208,1.706513524055481,1.6805604696273804,1.6687607765197754,1.700343370437622,1.7306325435638428,1.7044217586517334,1.5860050916671753,1.4703487157821655,1.3719933032989502,1.2929960489273071,1.212004542350769,1.1898505687713623,1.2033809423446655,1.2260119915008545,1.2475637197494507,1.3041478395462036,1.3542625904083252,1.3438235521316528,1.2844675779342651,1.224361777305603,1.1569041013717651,1.0788042545318604,1.0379304885864258,1.0654631853103638,1.1388511657714844,1.2373689413070679,1.386264681816101,1.5445868968963623,1.6628727912902832
1.304291844367981,1.334078311920166,1.5091639757156372,1.7459464073181152,1.909736156463623,2.1343071460723877,2.409078359603882,2.5970747470855713,2.6600332260131836,2.6027987003326416,2.475062608718872,2.338358163833618,2.196890354156494,2.058232069015503,1.977756142616272,1.9750975370407104,2.0122313499450684,2.038625717163086,2.038768768310547,1.9768619537353516,1.8417686223983765,1.6551343202590942,1.4999871253967285,1.3629395961761475,1.2367020845413208,1.1443731784820557,1.1576807498931885,1.2144516706466675,1.2676926851272583,1.2987946271896362,1.3377065658569336,1.329559087753296,1.2598669528961182,1.175325632095337,1.1363513469696045,1.1093196868896484,1.0717759132385254,1.0654830932617188,1.1329199075698853,1.2277567386627197,1.3253161907196045,1.4462306499481201,1.5836851596832275,1.6985777616500854
1.2059459686279297,1.1401119232177734,1.3519316911697388,1.6120083332061768,1.675973653793335,1.925923228263855,2.0809712409973145,2.2002596855163574,2.269179582595825,2.2881698608398438,2.2658188343048096,2.229316234588623,2.1986734867095947,2.1999852657318115,2.261611223220825,2.339979648590088,2.3844895362854004,2.353316307067871,2.2585015296936035,2.109896659851074,1.9229832887649536,1.7283473014831543,1.5610896348953247,1.4321932792663574,1.356692910194397,1.3546618223190308,1.4189720153808594,1.4635865688323975,1.454582691192627,1.402909278869629,1.3418744802474976,1.2659534215927124,1.1993361711502075,1.1822474002838135,1.21464204788208,1.2517662048339844,1.2882031202316284,1.360648512840271,1.4700486660003662,1.570851445198059,1.6545459032058716,1.7488017082214355,1.818408489227295,1.8324791193008423
1.227320909500122,1.21808922290802,1.2214735746383667,1.3241182565689087,1.4000872373580933,1.495923399925232,1.5896015167236328,1.7269431352615356,1.8157891035079956,1.9181627035140991,2.018566846847534,2.1264283657073975,2.250997543334961,2.382687568664551,2.481886863708496,2.507497787475586,2.4627866744995117,2.363233804702759,2.2284932136535645,2.053341865539551,1.8656519651412964,1.7034980058670044,1.587746024131775,1.5462838411331177,1.581262469291687,1.6563758850097656,1.6866366863250732,1.6664726734161377,1.6202638149261475,1.5770930051803589,1.5098618268966675,1.4442753791809082,1.4197149276733398,1.4542421102523804,1.501820683479309,1.5796411037445068,1.6896377801895142,1.8166486024856567,1.8799632787704468,1.893311619758606,1.8968149423599243,1.9268923997879028,1.9363081455230713,1.9371755123138428
1.1278308629989624,1.1990290880203247,1.292412281036377,1.3270349502563477,1.1651127338409424,1.146004557609558,1.1909483671188354,1.293129324913025,1.4356029033660889,1.5247936248779297,1.7339541912078857,1.9339669942855835,2.108910322189331,2.228285789489746,2.2822928428649902,2.263960599899292,2.2095181941986084,2.1271324157714844,1.9980859756469727,1.8245924711227417,1.6881721019744873,1.627241849899292,1.6175695657730103,1.637518286705017,1.6941219568252563,1.77031409740448,1.8116472959518433,1.8221163749694824,1.821914792060852,1.8100112676620483,1.7411208152770996,1.6845693588256836,1.6996644735336304,1.7946888208389282,1.8843268156051636,1.9635547399520874,2.0388293266296387,2.0947821140289307,2.0783650875091553,2.052175998687744,2.0599656105041504,2.1013238430023193,2.1239125728607178,2.171626329421997
1.049378514289856,1.0114465951919556,1.1374454498291016,0.993059515953064,0.9088717699050903,0.9471243619918823,0.8626065254211426,0.913246214389801,1.0288894176483154,1.1937247514724731,1.381080985069275,1.5393662452697754,1.678297519683838,1.8041902780532837,1.8853683471679688,1.8847947120666504,1.8269078731536865,1.7360560894012451,1.6276108026504517,1.5229477882385254,1.4812654256820679,1.5103442668914795,1.5690925121307373,1.6239818334579468,1.6925740242004395,1.774370551109314,1.8151605129241943,1.8102084398269653,1.7882094383239746,1.7714941501617432,1.7776310443878174,1.8399410247802734,1.9501011371612549,2.076458215713501,2.166008710861206,2.2265677452087402,2.252634286880493,2.244981288909912,2.2177133560180664,2.2252516746520996,2.2630908489227295,2.3172178268432617,2.385056495666504,2.4983022212982178
0.9761891961097717,0.942927360534668,1.0087761878967285,0.9010658860206604,0.8290327787399292,0.7774693965911865,0.6627053618431091,0.7268948554992676,0.7292054295539856,0.7946253418922424,0.9467008113861084,1.1214741468429565,1.2907506227493286,1.434381127357483,1.5213288068771362,1.5229072570800781,1.475108027458191,1.4253267049789429,1.4056661128997803,1.4055482149124146,1.4244085550308228,1.4583611488342285,1.5027470588684082,1.5596972703933716,1.6108371019363403,1.638538122177124,1.6283320188522339,1.6075687408447266,1.6184135675430298,1.685158371925354,1.7973356246948242,1.9330263137817383,2.046318769454956,2.1249570846557617,2.1729681491851807,2.2219622135162354,2.2445130348205566,2.2427587509155273,2.2417550086975098,2.295665979385376,2.383416175842285,2.4999568462371826,2.6728768348693848,2.884448289871216
0.8855751752853394,0.9011305570602417,0.9365278482437134,0.8672634959220886,0.7294536232948303,0.6059280037879944,0.49872785806655884,0.465323805809021,0.4776952564716339,0.5331034064292908,0.6844632029533386,0.8736016750335693,1.034765601158142,1.145293951034546,1.2167301177978516,1.2572599649429321,1.2567905187606812,1.2277371883392334,1.2023367881774902,1.197052240371704,1.2275197505950928,1.3018219470977783,1.405086636543274,1.5014939308166504,1.5404891967773438,1.5239930152893066,1.4869621992111206,1.4852310419082642,1.5110450983047485,1.5529643297195435,1.614140272140503,1.721521019935608,1.846367359161377,1.9589775800704956,2.045738458633423,2.1035802364349365,2.127471446990967,2.1552159786224365,2.2365403175354004,2.391336441040039,2.5698559284210205,2.7412703037261963,2.8983476161956787,3.039401054382324
0.7881866693496704,0.8027419447898865,0.7593404650688171,0.6879226565361023,0.5941981673240662,0.48595353960990906,0.4023367762565613,0.38885584473609924,0.39736059308052063,0.4854590892791748,0.6418069005012512,0.808591902256012,0.9422921538352966,1.0345087051391602,1.0852445363998413,1.0846951007843018,1.0241575241088867,0.9436066150665283,0.8989036679267883,0.9296265244483948,1.025299310684204,1.1549755334854126,1.283536434173584,1.3767609596252441,1.422271490097046,1.4257627725601196,1.4088375568389893,1.39451265335083,1.3961787223815918,1.4317903518676758,1.5109314918518066,1.6269793510437012,1.724630355834961,1.778964638710022,1.7901633977890015,1.8002418279647827,1.8450926542282104,1.9372437000274658,2.0775482654571533,2.251863479614258,2.428687572479248,2.596339702606201,2.754330635070801,2.8857851028442383
0.6714322566986084,0.6690547466278076,0.6008688807487488,0.5241311192512512,0.43908950686454773,0.39944028854370117,0.3856441378593445,0.39774078130722046,0.4815138876438141,0.6209802627563477,0.7591156959533691,0.859409511089325,0.927058219909668,0.9428738355636597,0.8926427364349365,0.778228759765625,0.6718770861625671,0.6170836091041565,0.6382115483283997,0.7245652079582214,0.8591849207878113,1.0101087093353271,1.1496456861495972,1.262239694595337,1.334348440170288,1.364593267440796,1.355863332748413,1.3233331441879272,1.3165584802627563,1.358707308769226,1.4334152936935425,1.4826072454452515,1.4876998662948608,1.4855176210403442,1.501109004020691,1.549892544746399,1.6370899677276611,1.7670260667800903,1.9233877658843994,2.0760061740875244,2.2418932914733887,2.4195404052734375,2.5944464206695557,2.749898910522461
0.5787933468818665,0.5350694060325623,0.45925819873809814,0.3826308250427246,0.34326207637786865,0.35693255066871643,0.42008647322654724,0.5362135171890259,0.7063688039779663,0.8465542197227478,0.9211647510528564,0.9354050159454346,0.9120336174964905,0.840873122215271,0.7282411456108093,0.6167399883270264,0.5626798868179321,0.5633036494255066,0.6117948889732361,0.704801082611084,0.8425072431564331,1.0079524517059326,1.1540553569793701,1.243769884109497,1.2538537979125977,1.223863124847412,1.200750708580017,1.208720088005066,1.236620545387268,1.2805248498916626,1.3234398365020752,1.3499817848205566,1.3748843669891357,1.421905755996704,1.4774411916732788,1.517120122909546,1.5561453104019165,1.651753306388855,1.8060383796691895,1.980200171470642,2.154924154281616,2.336970567703247,2.5193047523498535,2.7201740741729736
0.49624940752983093,0.40878960490226746,0.32666662335395813,0.2940484881401062,0.309195876121521,0.3945499062538147,0.5407754182815552,0.6950224041938782,0.8271752595901489,0.9071957468986511,0.9474179148674011,0.9583463072776794,0.9051268100738525,0.8004751205444336,0.689592719078064,0.6364719271659851,0.6408389210700989,0.6927944421768188,0.8008562326431274,0.9600342512130737,1.1078966856002808,1.1920158863067627,1.1973826885223389,1.1574292182922363,1.0921475887298584,1.040131688117981,1.0344393253326416,1.085558295249939,1.1442514657974243,1.2156696319580078,1.2980817556381226,1.38035249710083,1.4197983741760254,1.4415355920791626,1.473597526550293,1.5395488739013672,1.6519842147827148,1.8177968263626099,1.993638277053833,2.1381771564483643,2.2687976360321045,2.456310749053955,2.7031726837158203,3.003856658935547
0.3655642867088318,0.25173789262771606,0.21305438876152039,0.24050085246562958,0.31260180473327637,0.41604411602020264,0.5821175575256348,0.7222756743431091,0.8502463102340698,0.9412286281585693,0.9883332252502441,0.9846010804176331,0.9217063188552856,0.8331804275512695,0.7783230543136597,0.7885552644729614,0.8407996296882629,0.9173491597175598,1.02310311794281,1.1404469013214111,1.1847790479660034,1.1329963207244873,1.0400373935699463,0.977558970451355,0.9380603432655334,0.9205710887908936,0.9504985809326172,1.0330907106399536,1.1227777004241943,1.213538408279419,1.3095238208770752,1.4009661674499512,1.4534283876419067,1.513216495513916,1.6241223812103271,1.7821122407913208,1.933788537979126,2.07792592048645,2.2095885276794434,2.3420302867889404,2.487809896469116,2.7002978324890137,2.956402540206909,3.2268683910369873
0.289776086807251,0.25084781646728516,0.2366204410791397,0.26279962062835693,0.34019923210144043,0.47149336338043213,0.601807713508606,0.7369188070297241,0.863079845905304,0.9424077868461609,0.9579163789749146,0.9238980412483215,0.8961573839187622,0.8705249428749084,0.8545383214950562,0.8585423231124878,0.908474326133728,0.9657152891159058,1.0063080787658691,1.016343593597412,0.9878154993057251,0.9158259630203247,0.8409045934677124,0.7956304550170898,0.7731198668479919,0.7932220101356506,0.895351231098175,1.0691968202590942,1.238350749015808,1.3489657640457153,1.4206817150115967,1.4884034395217896,1.5549061298370361,1.6478593349456787,1.7724359035491943,1.9010701179504395,1.9903429746627808,2.09325909614563,2.2498960494995117,2.4483792781829834,2.6418871879577637,2.8416199684143066,3.072960615158081,3.3178930282592773
