DATA/HARM750/wind130m_forecast_202202170000_HARM750_WFP_DT.json
{"header": {"parameterCategory": 2, "parameterNumber": 2, "lo1": 2.2127522500000008, "la1": 52.23137826, "dx": 0.03149999999999942, "dy": 0.031500000000001194, "nx": 44, "ny": 40, "refTime": "2022-02-17T00:00:00.000000000"}, "data":
[rows 19 to 37 of 40, columns 0 to 42 of 44]
21.82157325744629,21.83480453491211,21.85331153869629,21.872472763061523,21.899768829345703,21.919116973876953,21.932085037231445,21.930435180664062,21.930526733398438,21.92928695678711,21.9371280670166,21.957847595214844,21.98769760131836,22.028684616088867,22.07818603515625,22.12657928466797,22.17545509338379,22.218809127807617,22.25360870361328,22.27252197265625,22.282007217407227,22.274356842041016,22.262422561645508,22.237756729125977,22.214340209960938,22.18231773376465,22.160982131958008,22.14702606201172,22.153770446777344,22.17816162109375,22.22231101989746,22.2740535736084,22.32557487487793,22.36382484436035,22.3964900970459,22.4102725982666,22.410165786743164,22.39492416381836,22.364810943603516,22.308534622192383,22.22382164001465,22.113162994384766,21.974105834960938
22.133319854736328,22.162063598632812,22.19584083557129,22.22779655456543,22.267457962036133,22.294981002807617,22.312314987182617,22.323284149169922,22.334461212158203,22.355039596557617,22.382633209228516,22.414018630981445,22.450584411621094,22.491458892822266,22.5284366607666,22.564868927001953,22.59402847290039,22.626617431640625,22.644771575927734,22.652896881103516,22.648292541503906,22.6312313079834,22.61269760131836,22.59084129333496,22.567087173461914,22.553667068481445,22.545413970947266,22.543638229370117,22.551414489746094,22.566322326660156,22.59630584716797,22.63433837890625,22.67135238647461,22.709877014160156,22.728696823120117,22.735349655151367,22.707027435302734,22.653011322021484,22.574630737304688,22.461830139160156,22.31074333190918,22.126367568969727,21.91061019897461
22.562541961669922,22.619144439697266,22.67608642578125,22.73198127746582,22.784568786621094,22.824405670166016,22.848031997680664,22.862937927246094,22.87763214111328,22.901287078857422,22.93450164794922,22.968446731567383,23.004121780395508,23.039461135864258,23.066524505615234,23.08497428894043,23.10214614868164,23.110145568847656,23.10966682434082,23.09614372253418,23.079050064086914,23.05799102783203,23.03919792175293,23.025041580200195,23.014917373657227,23.00963592529297,23.007282257080078,22.99540138244629,22.997432708740234,23.009510040283203,23.037343978881836,23.077007293701172,23.11803436279297,23.147903442382812,23.15146255493164,23.118762969970703,23.05839729309082,22.95244789123535,22.818716049194336,22.643648147583008,22.423316955566406,22.244667053222656,21.982820510864258
23.029617309570312,23.117961883544922,23.201757431030273,23.273664474487305,23.328136444091797,23.367656707763672,23.387882232666016,23.40587615966797,23.424915313720703,23.459598541259766,23.501752853393555,23.539094924926758,23.568830490112305,23.589099884033203,23.592144012451172,23.584951400756836,23.57831382751465,23.577470779418945,23.5666561126709,23.555818557739258,23.53315544128418,23.510400772094727,23.4799747467041,23.450401306152344,23.427642822265625,23.415325164794922,23.40980339050293,23.410919189453125,23.419689178466797,23.449405670166016,23.482816696166992,23.518362045288086,23.54730796813965,23.557222366333008,23.537710189819336,23.476383209228516,23.377119064331055,23.236927032470703,23.056001663208008,22.86513328552246,22.577220916748047,22.28596305847168,21.98915672302246
23.38759994506836,23.480222702026367,23.563888549804688,23.634807586669922,23.69065284729004,23.737003326416016,23.772357940673828,23.80440330505371,23.840185165405273,23.883596420288086,23.930564880371094,23.954776763916016,23.964351654052734,23.967411041259766,23.95966339111328,23.949602127075195,23.947710037231445,23.955951690673828,23.958019256591797,23.940935134887695,23.911731719970703,23.86349868774414,23.811302185058594,23.76148796081543,23.728811264038086,23.71666145324707,23.715059280395508,23.721256256103516,23.737382888793945,23.7582950592041,23.786943435668945,23.8126220703125,23.83631706237793,23.838430404663086,23.80253791809082,23.722665786743164,23.59853744506836,23.43393898010254,23.238100051879883,23.006772994995117,22.78255844116211,22.493419647216797,22.209327697753906
23.452272415161133,23.541044235229492,23.618995666503906,23.686861038208008,23.749528884887695,23.80188751220703,23.847501754760742,23.888032913208008,23.92658233642578,23.97539520263672,24.016672134399414,24.0494441986084,24.065189361572266,24.078771591186523,24.085214614868164,24.091779708862305,24.107751846313477,24.130168914794922,24.14103126525879,24.122711181640625,24.089876174926758,24.03759002685547,23.981428146362305,23.925945281982422,23.893281936645508,23.878080368041992,23.870498657226562,23.86439323425293,23.867355346679688,23.878843307495117,23.894086837768555,23.910301208496094,23.91673469543457,23.90569305419922,23.8591251373291,23.773950576782227,23.656259536743164,23.51062774658203,23.33675765991211,23.138662338256836,22.920589447021484,22.701778411865234,22.452484130859375
23.142274856567383,23.212541580200195,23.274831771850586,23.33586883544922,23.396818161010742,23.45807456970215,23.507896423339844,23.551570892333984,23.59912872314453,23.655052185058594,23.705228805541992,23.747562408447266,23.78913116455078,23.83196258544922,23.871768951416016,23.914897918701172,23.960195541381836,24.00616455078125,24.032934188842773,24.031774520874023,24.009695053100586,23.9731388092041,23.932893753051758,23.889179229736328,23.867345809936523,23.850549697875977,23.839279174804688,23.8142032623291,23.79269027709961,23.77320671081543,23.759626388549805,23.749584197998047,23.745065689086914,23.733989715576172,23.693777084350586,23.628923416137695,23.52327537536621,23.409252166748047,23.266569137573242,23.10997772216797,22.927541732788086,22.727283477783203,22.497268676757812
22.364866256713867,22.440431594848633,22.5101318359375,22.583984375,22.649471282958984,22.719127655029297,22.76443862915039,22.797454833984375,22.84164047241211,22.900388717651367,22.968238830566406,23.053613662719727,23.149063110351562,23.245378494262695,23.33851432800293,23.417760848999023,23.50505256652832,23.563547134399414,23.607868194580078,23.625768661499023,23.63187026977539,23.630958557128906,23.62186050415039,23.60788345336914,23.601083755493164,23.585289001464844,23.552797317504883,23.503538131713867,23.45249366760254,23.4129638671875,23.382415771484375,23.359670639038086,23.352161407470703,23.333375930786133,23.293331146240234,23.231212615966797,23.15492057800293,23.06873321533203,22.965023040771484,22.844398498535156,22.703641891479492,22.5328311920166,22.335702896118164
21.255081176757812,21.339820861816406,21.418575286865234,21.48995590209961,21.539844512939453,21.591968536376953,21.6306095123291,21.678682327270508,21.754362106323242,21.86064338684082,21.979293823242188,22.12042808532715,22.26688575744629,22.40761947631836,22.534311294555664,22.644372940063477,22.754331588745117,22.842599868774414,22.92662811279297,22.989683151245117,23.032808303833008,23.061616897583008,23.075544357299805,23.06892204284668,23.054576873779297,23.02891731262207,22.985197067260742,22.937599182128906,22.877395629882812,22.837522506713867,22.7921085357666,22.757753372192383,22.732465744018555,22.706008911132812,22.674392700195312,22.627227783203125,22.57621192932129,22.533641815185547,22.48404312133789,22.377573013305664,22.250486373901367,22.15408706665039,21.99994659423828
19.982255935668945,20.05106544494629,20.11688804626465,20.177364349365234,20.237119674682617,20.314983367919922,20.395816802978516,20.493328094482422,20.61056900024414,20.760652542114258,20.915525436401367,21.079492568969727,21.250980377197266,21.41817855834961,21.579816818237305,21.7408447265625,21.889230728149414,22.020402908325195,22.131635665893555,22.220903396606445,22.2812442779541,22.31641960144043,22.33297348022461,22.333450317382812,22.32305908203125,22.298280715942383,22.259225845336914,22.208467483520508,22.14786148071289,22.091205596923828,22.04330825805664,22.051746368408203,22.016382217407227,21.989938735961914,22.116289138793945,22.170114517211914,21.911348342895508,21.826364517211914,21.750417709350586,21.701318740844727,21.66462516784668,21.622119903564453,21.566036224365234
18.82365608215332,18.895963668823242,18.96723175048828,19.039369583129883,19.1179141998291,19.213010787963867,19.33154296875,19.459688186645508,19.609176635742188,19.78136444091797,19.965761184692383,20.151838302612305,20.351165771484375,20.540088653564453,20.719379425048828,20.887971878051758,21.04530143737793,21.178510665893555,21.29404640197754,21.38791275024414,21.46099090576172,21.5147647857666,21.541921615600586,21.548063278198242,21.536367416381836,21.5059757232666,21.46086311340332,21.4083194732666,21.35603904724121,21.37603759765625,21.340229034423828,21.316761016845703,21.27452278137207,21.203603744506836,21.16099739074707,21.100797653198242,21.035512924194336,21.032838821411133,21.024154663085938,21.018056869506836,21.032493591308594,21.023658752441406,21.0001220703125
18.116018295288086,18.172697067260742,18.23490333557129,18.303997039794922,18.387638092041016,18.498321533203125,18.643287658691406,18.809154510498047,18.98978614807129,19.180500030517578,19.37181854248047,19.548030853271484,19.72760772705078,19.8906192779541,20.040483474731445,20.17635726928711,20.30728530883789,20.4249324798584,20.534635543823242,20.62559700012207,20.692081451416016,20.73614501953125,20.749361038208008,20.7437686920166,20.726049423217773,20.70294952392578,20.715478897094727,20.771406173706055,20.645261764526367,20.612457275390625,20.602453231811523,20.55805778503418,20.50853157043457,20.410720825195312,20.384963989257812,20.328720092773438,20.32070541381836,20.302288055419922,20.301319122314453,20.319015502929688,20.33441162109375,20.36383819580078,20.386192321777344
17.921035766601562,17.98086166381836,18.037609100341797,18.127582550048828,18.23484230041504,18.368799209594727,18.529794692993164,18.699853897094727,18.861249923706055,19.014404296875,19.160226821899414,19.294490814208984,19.412002563476562,19.529163360595703,19.619626998901367,19.719594955444336,19.7911434173584,19.85772132873535,19.90595817565918,19.944255828857422,19.95966911315918,19.96076011657715,19.956932067871094,19.952892303466797,20.01488494873047,20.05626678466797,19.9959774017334,19.992835998535156,19.971704483032227,19.93229103088379,19.905527114868164,19.881580352783203,19.894311904907227,19.770214080810547,19.770111083984375,19.730331420898438,19.69651985168457,19.687795639038086,19.67548179626465,19.698774337768555,19.72799301147461,19.775609970092773,19.81873893737793
18.30341339111328,18.357025146484375,18.42938995361328,18.52561378479004,18.649887084960938,18.77277374267578,18.915447235107422,19.051225662231445,19.15800666809082,19.24256134033203,19.31429672241211,19.377647399902344,19.427371978759766,19.469158172607422,19.4904727935791,19.495460510253906,19.47134780883789,19.430171966552734,19.381032943725586,19.33799171447754,19.292264938354492,19.277238845825195,19.43808364868164,19.375476837158203,19.320425033569336,19.28652000427246,19.295984268188477,19.310134887695312,19.318660736083984,19.302404403686523,19.30740737915039,19.359498977661133,19.39995765686035,19.34873390197754,19.29000473022461,19.265331268310547,19.25714874267578,19.282697677612305,19.309268951416016,19.33334732055664,19.3242244720459,19.345975875854492,19.37525177001953
19.138635635375977,19.184545516967773,19.237579345703125,19.336721420288086,19.444795608520508,19.556554794311523,19.646055221557617,19.718708038330078,19.73212242126465,19.72124481201172,19.700515747070312,19.682586669921875,19.64934730529785,19.59738540649414,19.52195930480957,19.412612915039062,19.269704818725586,19.115327835083008,18.975996017456055,18.891916275024414,18.801469802856445,18.71042251586914,18.686185836791992,18.650962829589844,18.633180618286133,18.673803329467773,18.684581756591797,18.733335494995117,18.841289520263672,18.99336051940918,19.316043853759766,19.25127410888672,19.033967971801758,19.090017318725586,19.0313777923584,19.136459350585938,19.19998550415039,19.274723052978516,19.18405532836914,19.118370056152344,19.409175872802734,19.312307357788086,19.28628921508789
20.2504825592041,20.26239013671875,20.287744522094727,20.33738899230957,20.39319610595703,20.417579650878906,20.42638397216797,20.403257369995117,20.332223892211914,20.236087799072266,20.141311645507812,20.041872024536133,19.91864013671875,19.758920669555664,19.563217163085938,19.33392333984375,19.094396591186523,18.927547454833984,18.689218521118164,18.472745895385742,18.340147018432617,18.237016677856445,18.152725219726562,18.125755310058594,18.18711280822754,18.171384811401367,18.378828048706055,18.57094955444336,18.61844825744629,18.818387985229492,18.958532333374023,18.70762825012207,18.6839542388916,18.82392692565918,18.783597946166992,18.887895584106445,19.047348022460938,19.22830581665039,19.116064071655273,19.396236419677734,19.448495864868164,19.370506286621094,19.103261947631836
21.333412170410156,21.264366149902344,21.200471878051758,21.16572380065918,21.128389358520508,21.078725814819336,21.005569458007812,20.913217544555664,20.781450271606445,20.6131534576416,20.448413848876953,20.24763298034668,20.03196907043457,19.76265525817871,19.601261138916016,19.420339584350586,18.952484130859375,18.61928939819336,18.3155517578125,18.122644424438477,17.964859008789062,17.840734481811523,17.739151000976562,17.677221298217773,17.68601417541504,17.753236770629883,17.951250076293945,18.162044525146484,18.61041259765625,18.408931732177734,18.453554153442383,18.69674301147461,18.802215576171875,18.701501846313477,18.84365463256836,18.894275665283203,18.847274780273438,18.84429168701172,18.897857666015625,19.092388153076172,19.325801849365234,19.281448364257812,19.47273826599121
21.977523803710938,21.840496063232422,21.702991485595703,21.596317291259766,21.488025665283203,21.366247177124023,21.229164123535156,21.066387176513672,20.867937088012695,20.645221710205078,20.409393310546875,20.186077117919922,20.188438415527344,19.775413513183594,19.251075744628906,18.868392944335938,18.512571334838867,18.215322494506836,17.986730575561523,17.805850982666016,17.648971557617188,17.505048751831055,17.4342098236084,17.434818267822266,17.538116455078125,17.739253997802734,18.09776496887207,18.589000701904297,18.642126083374023,18.473655700683594,18.484167098999023,18.41817855834961,18.52556800842285,18.51528549194336,18.85395050048828,19.03192901611328,19.010713577270508,19.141860961914062,18.858217239379883,18.954376220703125,18.87982940673828,18.868133544921875,18.895750045776367
22.093883514404297,21.894044876098633,21.690473556518555,21.517772674560547,21.340065002441406,21.160188674926758,20.967933654785156,20.768314361572266,20.629547119140625,20.394187927246094,20.06656265258789,19.772350311279297,19.458446502685547,19.101011276245117,18.795915603637695,18.498821258544922,18.184972763061523,17.92316436767578,17.70699119567871,17.539941787719727,17.38668441772461,17.302202224731445,17.36681365966797,17.601408004760742,17.615915298461914,17.739641189575195,18.12637710571289,17.922697067260742,17.989694595336914,17.99437713623047,18.004941940307617,18.167367935180664,18.536888122558594,18.506061553955078,18.567846298217773,18.72683334350586,18.740636825561523,18.754976272583008,18.8153076171875,18.928138732910156,19.00702667236328,18.85779571533203,18.80791664123535
