DATA/HARM750/wind130m_forecast_202202170000_HARM750_WFP_DT.json
{"header": {"parameterCategory": 2, "parameterNumber": 3, "lo1": 2.2127522500000008, "la1": 52.23137826, "dx": 0.03149999999999942, "dy": 0.031500000000001194, "nx": 44, "ny": 40, "refTime": "2022-02-17T00:00:00.000000000"}, "data":
[rows 0 to 19 of 40, columns 0 to 43 of 44]
0.34311628341674805,0.34023594856262207,0.34024372696876526,0.34911301732063293,0.37600627541542053,0.4262141287326813,0.4937562346458435,0.5743432641029358,0.6631319522857666,0.7494109869003296,0.8209002017974854,0.8770111203193665,0.9158022403717041,0.9315937161445618,0.9301157593727112,0.9156920313835144,0.8944357633590698,0.8695516586303711,0.8476067781448364,0.8326785564422607,0.8213866949081421,0.8195568323135376,0.8242620825767517,0.8359066247940063,0.8568510413169861,0.8885313272476196,0.9390692114830017,0.9965170621871948,1.0592687129974365,1.1223524808883667,1.1806395053863525,1.2278730869293213,1.2653080224990845,1.2943428754806519,1.3243635892868042,1.3492095470428467,1.370782732963562,1.3900700807571411,1.409558653831482,1.4285554885864258,1.451780915260315,1.4873942136764526,1.543580174446106,1.6151503324508667
0.40937963128089905,0.41732868552207947,0.431780606508255,0.4588868319988251,0.5027183890342712,0.5736721158027649,0.6543244123458862,0.7374047636985779,0.812934160232544,0.8770374059677124,0.9124956727027893,0.9248493909835815,0.9213445782661438,0.9088355302810669,0.8846920132637024,0.861163318157196,0.8375473022460938,0.8137574195861816,0.7898975014686584,0.7707709670066833,0.7585344314575195,0.7565208077430725,0.7656473517417908,0.7882158756256104,0.8228135108947754,0.8698444366455078,0.9298601746559143,0.9963643550872803,1.0679786205291748,1.1348580121994019,1.196640968322754,1.2451814413070679,1.2830051183700562,1.3144856691360474,1.3400938510894775,1.3662389516830444,1.3872158527374268,1.410685420036316,1.437625527381897,1.4687334299087524,1.5086772441864014,1.5642421245574951,1.6399555206298828,1.731008529663086
0.503084123134613,0.5193509459495544,0.5433048605918884,0.5805551409721375,0.6334967613220215,0.7062326669692993,0.7853904366493225,0.8518453240394592,0.9031032919883728,0.9344916343688965,0.9337510466575623,0.9155333042144775,0.8909423351287842,0.8690596222877502,0.8437848091125488,0.8158584237098694,0.7885249257087708,0.7590004801750183,0.7235208749771118,0.6942887306213379,0.6795366406440735,0.6835886240005493,0.7071131467819214,0.7468954920768738,0.8032371401786804,0.870634138584137,0.94431072473526,1.0218620300292969,1.0960556268692017,1.1660329103469849,1.2245004177093506,1.2721961736679077,1.3082245588302612,1.3376988172531128,1.3651633262634277,1.3908512592315674,1.4212599992752075,1.452699065208435,1.4926332235336304,1.541904330253601,1.6024556159973145,1.6786099672317505,1.7704459428787231,1.8721877336502075
0.5859906077384949,0.6063389182090759,0.6397969722747803,0.6778541207313538,0.727409839630127,0.7863759994506836,0.8411765098571777,0.8778168559074402,0.896819531917572,0.8990700840950012,0.8814874291419983,0.8539535999298096,0.8267389535903931,0.8061946034431458,0.7811046838760376,0.7482465505599976,0.7095751762390137,0.6722024083137512,0.630711019039154,0.6013559699058533,0.5963793396949768,0.6203353404998779,0.665179431438446,0.7322561740875244,0.8117786645889282,0.8988327383995056,0.9810568690299988,1.0608282089233398,1.1355575323104858,1.2007100582122803,1.2594447135925293,1.3053663969039917,1.3426579236984253,1.3742486238479614,1.4039987325668335,1.4349231719970703,1.470964789390564,1.51437246799469,1.5671191215515137,1.6310347318649292,1.704021692276001,1.786900520324707,1.8776293992996216,1.9742858409881592
0.6179096698760986,0.643744170665741,0.6748043894767761,0.7060362100601196,0.7406170964241028,0.7743070125579834,0.8006913661956787,0.8107926249504089,0.8047939538955688,0.7918722033500671,0.7643753886222839,0.7373209595680237,0.7094747424125671,0.6859098076820374,0.6615909934043884,0.623967707157135,0.5864241123199463,0.5494369864463806,0.5252912044525146,0.5176888108253479,0.5437101125717163,0.6021215915679932,0.6803047060966492,0.7670971155166626,0.8612223863601685,0.9516550898551941,1.030711054801941,1.1028401851654053,1.1707704067230225,1.2326604127883911,1.2865413427352905,1.3314212560653687,1.3713191747665405,1.4066976308822632,1.4422277212142944,1.4802061319351196,1.525679111480713,1.5790103673934937,1.6405831575393677,1.707207202911377,1.7813289165496826,1.8599644899368286,1.9463012218475342,2.037642240524292
0.5876343250274658,0.607509970664978,0.6301941275596619,0.6525483131408691,0.6701598167419434,0.6824744939804077,0.6853357553482056,0.6738998889923096,0.653532087802887,0.6253553032875061,0.598388135433197,0.5680738091468811,0.5415968894958496,0.5134667754173279,0.4880997836589813,0.45718246698379517,0.43121397495269775,0.42025673389434814,0.43674436211586,0.47814103960990906,0.5503765940666199,0.6440896391868591,0.7458735108375549,0.8392737507820129,0.9284507632255554,1.0092707872390747,1.0766780376434326,1.1373838186264038,1.1972495317459106,1.2541425228118896,1.305558204650879,1.3497412204742432,1.389419674873352,1.4282069206237793,1.4677186012268066,1.5124425888061523,1.5669944286346436,1.6301727294921875,1.6990163326263428,1.7719839811325073,1.849196195602417,1.9346492290496826,2.0218775272369385,2.116015911102295
0.5230820178985596,0.5330716371536255,0.544003427028656,0.552096962928772,0.5542345643043518,0.5462028980255127,0.533594012260437,0.5111933946609497,0.48517122864723206,0.45562246441841125,0.42461931705474854,0.395405113697052,0.3633361756801605,0.33538639545440674,0.3134731352329254,0.302711546421051,0.31006214022636414,0.3430037796497345,0.4099070429801941,0.496721088886261,0.5994426012039185,0.7090107798576355,0.8155461549758911,0.9021101593971252,0.9778584837913513,1.0454106330871582,1.1056550741195679,1.1637309789657593,1.2225159406661987,1.2802833318710327,1.3322010040283203,1.3747813701629639,1.4142025709152222,1.4541975259780884,1.4982526302337646,1.550034523010254,1.6166694164276123,1.6919461488723755,1.7753349542617798,1.8626724481582642,1.9540165662765503,2.0477497577667236,2.141923189163208,2.2433037757873535
0.4571238160133362,0.4586937427520752,0.4590217173099518,0.45595526695251465,0.44709739089012146,0.43046319484710693,0.4083515703678131,0.38273903727531433,0.35373198986053467,0.3231186866760254,0.2909626364707947,0.2641540765762329,0.23935873806476593,0.22346290946006775,0.2239440232515335,0.24870871007442474,0.29244768619537354,0.3608067035675049,0.45397651195526123,0.5585097074508667,0.6642709374427795,0.7659336924552917,0.8602054715156555,0.9337733387947083,1.0011346340179443,1.068498134613037,1.1364041566848755,1.2034319639205933,1.2677358388900757,1.333225965499878,1.3869202136993408,1.4303100109100342,1.4697481393814087,1.5145783424377441,1.5683960914611816,1.630319595336914,1.7127550840377808,1.8068525791168213,1.9073059558868408,2.00638747215271,2.10638427734375,2.204712152481079,2.3033299446105957,2.4051573276519775
0.41350170969963074,0.417664498090744,0.41483432054519653,0.4064754843711853,0.3919233977794647,0.3687240183353424,0.3430786430835724,0.31399625539779663,0.28710493445396423,0.26111307740211487,0.23916774988174438,0.22616778314113617,0.22111481428146362,0.23030921816825867,0.255830317735672,0.30794015526771545,0.37468090653419495,0.459212988615036,0.5538148283958435,0.6515549421310425,0.7398927211761475,0.8209477663040161,0.8996490240097046,0.9730743169784546,1.0462788343429565,1.1237480640411377,1.2053041458129883,1.2833040952682495,1.3503772020339966,1.4115835428237915,1.4629018306732178,1.5106675624847412,1.5574146509170532,1.6194123029708862,1.694701910018921,1.7810328006744385,1.8808677196502686,1.9814643859863281,2.0884792804718018,2.1888668537139893,2.2910890579223633,2.3903322219848633,2.488276243209839,2.5857386589050293
0.4140716791152954,0.4241052567958832,0.4218762218952179,0.4138270616531372,0.3989863097667694,0.3786633014678955,0.3564417064189911,0.3333256244659424,0.3139384388923645,0.29740607738494873,0.2890019714832306,0.2902364730834961,0.3045508563518524,0.33481863141059875,0.38182610273361206,0.44822537899017334,0.5246767401695251,0.6068059802055359,0.6868359446525574,0.7675747275352478,0.8405185341835022,0.9111205339431763,0.9869266152381897,1.0684117078781128,1.1547141075134277,1.2385127544403076,1.3185226917266846,1.3899132013320923,1.4450798034667969,1.494837999343872,1.5463651418685913,1.60453200340271,1.6773749589920044,1.7675570249557495,1.8701151609420776,1.979036569595337,2.0868985652923584,2.195284128189087,2.3025126457214355,2.406255006790161,2.5106759071350098,2.605597972869873,2.6989970207214355,2.791145086288452
0.4716452956199646,0.48321613669395447,0.48729899525642395,0.48331403732299805,0.4764269292354584,0.46544119715690613,0.453120619058609,0.4400901794433594,0.4320656359195709,0.42523232102394104,0.43002238869667053,0.44475364685058594,0.4735792875289917,0.5151931047439575,0.5678610801696777,0.6305197477340698,0.7004529237747192,0.7718095183372498,0.8433899283409119,0.9145867228507996,0.987647533416748,1.0616087913513184,1.1406337022781372,1.2244911193847656,1.306404709815979,1.3772255182266235,1.4426716566085815,1.4970146417617798,1.5421769618988037,1.5888469219207764,1.650730013847351,1.7348582744598389,1.8337308168411255,1.9522666931152344,2.080056667327881,2.204880475997925,2.3229894638061523,2.435513734817505,2.544257640838623,2.6482598781585693,2.7475390434265137,2.8479089736938477,2.948575973510742,3.052258014678955
0.5867172479629517,0.5978232026100159,0.6033746004104614,0.6058635115623474,0.6101128458976746,0.6135083436965942,0.6161283850669861,0.6176514029502869,0.6209016442298889,0.6290349960327148,0.6409282088279724,0.6619980335235596,0.691964864730835,0.7306398153305054,0.7789729237556458,0.8342041373252869,0.8960914015769958,0.9637071490287781,1.031402349472046,1.102612853050232,1.1746875047683716,1.2442580461502075,1.3152295351028442,1.3867796659469604,1.4542056322097778,1.5108494758605957,1.5613272190093994,1.6109431982040405,1.6628388166427612,1.7231746912002563,1.809867262840271,1.9219056367874146,2.048657178878784,2.186326742172241,2.3258864879608154,2.460014581680298,2.5735702514648438,2.6787309646606445,2.784000873565674,2.8934552669525146,3.003643274307251,3.119861125946045,3.2391417026519775,3.3546862602233887
0.7332854866981506,0.7445821166038513,0.7555418014526367,0.768953263759613,0.7872942686080933,0.8038463592529297,0.8191635608673096,0.8277664184570312,0.836532711982727,0.8491975665092468,0.8676080107688904,0.8924822807312012,0.9267957210540771,0.966987133026123,1.0157384872436523,1.066756248474121,1.1219208240509033,1.180833339691162,1.240221381187439,1.302077293395996,1.363526463508606,1.4241691827774048,1.4811415672302246,1.53708016872406,1.5907599925994873,1.6410629749298096,1.693444013595581,1.7548590898513794,1.8304892778396606,1.923501968383789,2.0387041568756104,2.177027940750122,2.3208658695220947,2.457613468170166,2.5852134227752686,2.7009153366088867,2.803950786590576,2.902864694595337,3.0167510509490967,3.1387057304382324,3.2617132663726807,3.3844640254974365,3.504194498062134,3.621182918548584
0.9022068381309509,0.9182416200637817,0.9380998015403748,0.9580404758453369,0.9774215221405029,0.9934254288673401,1.0072704553604126,1.016261339187622,1.0274542570114136,1.0479493141174316,1.0786188840866089,1.1187516450881958,1.1618356704711914,1.21409273147583,1.2578184604644775,1.3035508394241333,1.3473966121673584,1.3976553678512573,1.4505997896194458,1.5043765306472778,1.5553644895553589,1.6045392751693726,1.6499484777450562,1.6927764415740967,1.7394827604293823,1.7981189489364624,1.8699294328689575,1.957697868347168,2.067357301712036,2.1898293495178223,2.3195810317993164,2.4562339782714844,2.5834574699401855,2.6976816654205322,2.806588888168335,2.9091334342956543,3.012219190597534,3.11686635017395,3.2336714267730713,3.3566038608551025,3.475696325302124,3.5886919498443604,3.7047178745269775,3.822178363800049
1.0872249603271484,1.1027153730392456,1.1203436851501465,1.1368767023086548,1.1502292156219482,1.161303997039795,1.1718379259109497,1.1817690134048462,1.1979737281799316,1.2303966283798218,1.2748771905899048,1.325108528137207,1.3771262168884277,1.4296742677688599,1.4768458604812622,1.5190865993499756,1.56333589553833,1.6124297380447388,1.6640909910202026,1.713908076286316,1.7587015628814697,1.8003495931625366,1.8426530361175537,1.8865770101547241,1.9426606893539429,2.0220513343811035,2.1174888610839844,2.2264132499694824,2.344658136367798,2.462064743041992,2.5735464096069336,2.6812093257904053,2.786080837249756,2.8855979442596436,2.985501766204834,3.0898096561431885,3.199753999710083,3.309180736541748,3.4221994876861572,3.5361487865448,3.6442630290985107,3.7484142780303955,3.855661392211914,3.97271728515625
1.2730482816696167,1.2815719842910767,1.2932230234146118,1.3044545650482178,1.312450885772705,1.3225560188293457,1.332654356956482,1.3510006666183472,1.3719357252120972,1.4150878190994263,1.4665608406066895,1.52472984790802,1.5816705226898193,1.6381999254226685,1.6909652948379517,1.7353272438049316,1.781596064567566,1.8310993909835815,1.8814793825149536,1.9319263696670532,1.9813462495803833,2.031325101852417,2.084493637084961,2.1461386680603027,2.2161386013031006,2.30871319770813,2.4042534828186035,2.501143217086792,2.5985116958618164,2.692368507385254,2.7773022651672363,2.862701892852783,2.9493985176086426,3.0466854572296143,3.1465392112731934,3.2569587230682373,3.371577739715576,3.4861679077148438,3.592505693435669,3.6963982582092285,3.793776035308838,3.8864693641662598,3.98728609085083,4.107960224151611
1.4552596807479858,1.457349181175232,1.46053147315979,1.4663069248199463,1.4754045009613037,1.4890120029449463,1.5106760263442993,1.5406088829040527,1.5780985355377197,1.6307247877120972,1.6919153928756714,1.7551932334899902,1.8157247304916382,1.8735014200210571,1.9245885610580444,1.9685932397842407,2.0142085552215576,2.06546688079834,2.1224896907806396,2.1803648471832275,2.242119789123535,2.305485486984253,2.3714075088500977,2.439176559448242,2.5092833042144775,2.5888335704803467,2.6709723472595215,2.74941086769104,2.827467441558838,2.903697967529297,2.976137161254883,3.051597833633423,3.134582757949829,3.2308993339538574,3.3343899250030518,3.4415884017944336,3.552464723587036,3.6607155799865723,3.751558542251587,3.8405873775482178,3.9301719665527344,4.026235103607178,4.1352081298828125,4.271629810333252
1.6240602731704712,1.6188634634017944,1.6172722578048706,1.6243141889572144,1.6441569328308105,1.6744229793548584,1.7150925397872925,1.7669177055358887,1.826099157333374,1.889326572418213,1.9555549621582031,2.017620325088501,2.074366569519043,2.1291158199310303,2.1803596019744873,2.2305238246917725,2.283008337020874,2.3419065475463867,2.4028124809265137,2.4634783267974854,2.523616313934326,2.582005023956299,2.642979145050049,2.7056190967559814,2.7710695266723633,2.8427109718322754,2.915761947631836,2.9877376556396484,3.053375244140625,3.125598669052124,3.195582389831543,3.2762179374694824,3.361875534057617,3.458317279815674,3.5576865673065186,3.649744987487793,3.7385261058807373,3.820272922515869,3.9023687839508057,3.983945846557617,4.083421230316162,4.197861671447754,4.326641082763672,4.470624923706055
1.7588770389556885,1.7600260972976685,1.7689892053604126,1.7891396284103394,1.8288311958312988,1.8799418210983276,1.9414448738098145,2.008521795272827,2.075432777404785,2.140226125717163,2.2028067111968994,2.265880584716797,2.326359510421753,2.388275384902954,2.4506354331970215,2.5119235515594482,2.571277618408203,2.626117706298828,2.67629337310791,2.7249581813812256,2.7740988731384277,2.824882984161377,2.882302761077881,2.9450957775115967,3.009542465209961,3.0763509273529053,3.1424784660339355,3.207554817199707,3.2747254371643066,3.3454251289367676,3.4273931980133057,3.5151467323303223,3.6051583290100098,3.6903939247131348,3.7724056243896484,3.8439927101135254,3.9154422283172607,3.9916415214538574,4.081109046936035,4.18452262878418,4.306741237640381,4.4387993812561035,4.568264007568359,4.692092418670654
1.8645902872085571,1.8838719129562378,1.911659598350525,1.9505430459976196,2.0067813396453857,2.070099353790283,2.138270854949951,2.2078518867492676,2.278151035308838,2.3439583778381348,2.4106674194335938,2.478508234024048,2.5467989444732666,2.6136996746063232,2.678663969039917,2.738987445831299,2.7929651737213135,2.8392086029052734,2.88224720954895,2.9255518913269043,2.972785711288452,3.02315616607666,3.082263946533203,3.147218942642212,3.2117764949798584,3.2751846313476562,3.341794013977051,3.4082963466644287,3.4802377223968506,3.5569472312927246,3.6393938064575195,3.7243216037750244,3.802459478378296,3.881862163543701,3.9591221809387207,4.03981876373291,4.127734184265137,4.2321457862854,4.355352401733398,4.483159065246582,4.615530490875244,4.743466854095459,4.860454559326172,4.9545674324035645
