DATA/HARM750/wind10m_forecast_202202170000_HARM750_WFP_DT.json
{"header": {"parameterCategory": 2, "parameterNumber": 2, "lo1": 1.2152522500000003, "la1": 53.22887826, "dx": 0.06299999999999972, "dy": 0.06300000000000239, "nx": 54, "ny": 52, "refTime": "2022-02-17T00:00:00.000000000"}, "data":
[rows 19 to 37 of 52, columns 0 to 43 of 54]
11.971094131469727,11.217957496643066,10.976758003234863,12.11479377746582,11.322097778320312,12.030033111572266,12.921051979064941,13.745320320129395,14.413345336914062,14.9432373046875,15.287272453308105,15.447235107421875,15.631265640258789,15.876679420471191,16.060455322265625,16.077648162841797,16.059846878051758,16.04631805419922,16.007551193237305,15.955981254577637,16.00774574279785,16.100788116455078,16.170122146606445,16.209209442138672,16.29686737060547,16.314834594726562,16.204547882080078,16.02962875366211,15.919427871704102,15.855084419250488,15.839673042297363,15.88314437866211,15.984495162963867,16.046463012695312,16.007099151611328,15.87439250946045,15.730607986450195,15.642411231994629,15.65044116973877,15.793750762939453,16.028636932373047,16.336225509643555,16.558244705200195,16.490455627441406
10.751789093017578,10.602888107299805,13.083423614501953,12.021193504333496,12.651724815368652,13.264360427856445,13.825221061706543,14.239176750183105,14.572596549987793,14.879643440246582,15.132533073425293,15.315035820007324,15.470857620239258,15.553730964660645,15.565948486328125,15.552694320678711,15.622443199157715,15.661795616149902,15.654706001281738,15.663211822509766,15.797867774963379,15.926095962524414,15.997272491455078,16.01912498474121,16.02776336669922,15.922951698303223,15.771018028259277,15.674736976623535,15.705820083618164,15.733583450317383,15.804279327392578,15.920634269714355,16.035306930541992,15.97719955444336,15.79822063446045,15.594164848327637,15.432523727416992,15.314364433288574,15.376471519470215,15.680556297302246,16.16636848449707,16.584861755371094,16.7185115814209,16.424129486083984
11.122281074523926,11.703421592712402,12.606670379638672,13.306406021118164,13.793615341186523,14.172823905944824,14.469710350036621,14.640737533569336,14.682872772216797,14.681292533874512,14.730241775512695,14.845026016235352,14.996119499206543,15.10096549987793,15.150891304016113,15.184060096740723,15.24831485748291,15.282598495483398,15.337287902832031,15.466364860534668,15.66604995727539,15.766633033752441,15.779450416564941,15.715505599975586,15.59408187866211,15.41183853149414,15.351530075073242,15.421820640563965,15.533220291137695,15.565193176269531,15.663143157958984,15.82685661315918,15.93174934387207,15.81301498413086,15.65493392944336,15.520920753479004,15.413227081298828,15.322709083557129,15.491976737976074,15.928462982177734,16.45546531677246,16.75208854675293,16.705265045166016,16.27594566345215
13.870712280273438,13.140215873718262,13.808694839477539,14.35422420501709,14.584572792053223,14.617281913757324,14.560185432434082,14.473573684692383,14.362223625183105,14.316597938537598,14.358108520507812,14.499164581298828,14.700456619262695,14.897835731506348,15.031859397888184,15.103070259094238,15.146500587463379,15.212719917297363,15.342230796813965,15.494420051574707,15.585097312927246,15.53127384185791,15.446412086486816,15.375831604003906,15.318768501281738,15.24715518951416,15.269968032836914,15.349095344543457,15.398114204406738,15.386638641357422,15.478126525878906,15.62732982635498,15.724894523620605,15.692376136779785,15.702169418334961,15.742905616760254,15.750357627868652,15.754438400268555,15.954343795776367,16.25385856628418,16.482906341552734,16.444015502929688,16.14651870727539,15.521668434143066
13.975028038024902,14.088332176208496,14.297008514404297,14.516223907470703,14.588814735412598,14.600288391113281,14.563993453979492,14.491179466247559,14.418156623840332,14.458537101745605,14.598286628723145,14.781371116638184,14.94990348815918,15.07295036315918,15.148825645446777,15.207538604736328,15.274856567382812,15.336455345153809,15.399374961853027,15.446096420288086,15.467123031616211,15.400659561157227,15.327770233154297,15.281617164611816,15.28111457824707,15.296304702758789,15.385090827941895,15.49152660369873,15.540181159973145,15.500354766845703,15.490267753601074,15.513508796691895,15.576164245605469,15.709921836853027,15.931751251220703,16.12372589111328,16.229589462280273,16.26579475402832,16.305160522460938,16.256999969482422,16.087949752807617,15.744790077209473,15.18249797821045,14.286410331726074
14.650769233703613,14.617435455322266,14.587841033935547,14.56386661529541,14.577343940734863,14.6861572265625,14.814798355102539,14.897648811340332,14.93457317352295,15.00084114074707,15.107297897338867,15.243271827697754,15.38272762298584,15.438443183898926,15.429269790649414,15.413704872131348,15.447531700134277,15.450244903564453,15.449610710144043,15.478029251098633,15.511272430419922,15.44664192199707,15.33655071258545,15.30151653289795,15.386731147766113,15.520252227783203,15.663240432739258,15.743138313293457,15.701614379882812,15.553442001342773,15.429061889648438,15.411678314208984,15.52702522277832,15.759058952331543,16.042688369750977,16.220626831054688,16.26309585571289,16.184598922729492,16.01626205444336,15.673053741455078,15.47834300994873,14.713056564331055,14.069948196411133,13.290465354919434
14.586583137512207,14.523911476135254,14.50910758972168,14.604337692260742,14.77806568145752,14.996346473693848,15.19424819946289,15.362756729125977,15.511335372924805,15.595401763916016,15.62352180480957,15.6378173828125,15.666956901550293,15.617892265319824,15.524888038635254,15.496824264526367,15.560798645019531,15.616009712219238,15.68514633178711,15.7843017578125,15.821735382080078,15.701950073242188,15.611424446105957,15.652085304260254,15.784368515014648,15.870769500732422,15.933597564697266,15.938192367553711,15.832856178283691,15.645233154296875,15.57414722442627,15.634788513183594,15.769170761108398,15.931377410888672,16.106592178344727,16.10468101501465,15.845755577087402,15.383770942687988,14.871739387512207,14.382649421691895,13.970003128051758,13.614533424377441,13.376392364501953,13.201297760009766
14.862178802490234,14.751715660095215,14.668764114379883,14.751775741577148,15.009010314941406,15.291070938110352,15.51668930053711,15.662872314453125,15.757628440856934,15.78515625,15.774415969848633,15.772385597229004,15.812370300292969,15.808073043823242,15.822309494018555,15.910210609436035,16.047901153564453,16.1402645111084,16.281417846679688,16.458847045898438,16.55523681640625,16.468944549560547,16.40746307373047,16.40142250061035,16.365915298461914,16.249948501586914,16.25011444091797,16.287538528442383,16.218637466430664,16.046192169189453,16.035263061523438,16.17682647705078,16.328081130981445,16.424264907836914,16.47162437438965,16.22902488708496,15.536914825439453,14.601455688476562,13.832791328430176,13.177033424377441,12.846936225891113,12.883941650390625,13.207718849182129,13.646458625793457
15.042928695678711,14.980829238891602,14.934748649597168,14.981890678405762,15.101163864135742,15.292641639709473,15.458959579467773,15.554399490356445,15.592611312866211,15.6510009765625,15.764074325561523,15.92756175994873,16.082754135131836,16.211700439453125,16.37974739074707,16.570579528808594,16.733610153198242,16.831716537475586,17.004655838012695,17.20107078552246,17.28022575378418,17.16386604309082,17.06721305847168,17.01267433166504,16.951534271240234,16.875438690185547,16.905105590820312,16.88533592224121,16.727825164794922,16.576900482177734,16.688634872436523,16.951200485229492,17.155637741088867,17.223447799682617,17.0850772857666,16.519271850585938,15.489670753479004,14.28419303894043,13.21733570098877,12.470954895019531,12.201101303100586,12.332663536071777,12.973560333251953,13.715495109558105
14.21153736114502,14.084248542785645,14.186071395874023,14.38178539276123,14.541569709777832,14.754590034484863,14.967697143554688,15.101395606994629,15.152411460876465,15.277751922607422,15.518122673034668,15.826922416687012,16.151901245117188,16.462562561035156,16.730876922607422,16.89653968811035,16.951984405517578,16.954225540161133,17.019508361816406,17.084951400756836,17.08675193786621,17.02959442138672,17.06787109375,17.150218963623047,17.2016658782959,17.218242645263672,17.244173049926758,17.178871154785156,17.064388275146484,17.02474594116211,17.152557373046875,17.27364730834961,17.35614585876465,17.379932403564453,17.21177101135254,16.58654022216797,15.57907772064209,14.48285961151123,13.420546531677246,12.565452575683594,12.056377410888672,11.99588394165039,12.399849891662598,13.029930114746094
11.863423347473145,12.018351554870605,12.749125480651855,13.425029754638672,13.609328269958496,13.836507797241211,14.090055465698242,14.250399589538574,14.24964427947998,14.292003631591797,14.5264253616333,14.899942398071289,15.317158699035645,15.695165634155273,15.94667911529541,15.99612808227539,15.917428016662598,15.822723388671875,15.800556182861328,15.82230281829834,15.922751426696777,16.109054565429688,16.369630813598633,16.568880081176758,16.71437644958496,16.85186004638672,16.989364624023438,16.96538734436035,16.820302963256836,16.639606475830078,16.485126495361328,16.28744888305664,16.17317008972168,16.18983268737793,16.16153907775879,15.757674217224121,15.062073707580566,14.263747215270996,13.358481407165527,12.520219802856445,11.935115814208984,11.619357109069824,11.65491008758545,11.736699104309082
8.888401985168457,9.771483421325684,12.370981216430664,13.804028511047363,12.301424026489258,12.672030448913574,13.058430671691895,13.241424560546875,13.203410148620605,13.10902214050293,13.200039863586426,13.449516296386719,13.755800247192383,14.008678436279297,14.120208740234375,14.080179214477539,14.007232666015625,14.022333145141602,14.146238327026367,14.3001127243042,14.504874229431152,14.791540145874023,15.129415512084961,15.41611385345459,15.64933967590332,15.848014831542969,15.987048149108887,15.908342361450195,15.587265968322754,15.144641876220703,14.748581886291504,14.44873332977295,14.36700439453125,14.222607612609863,13.900856018066406,13.70893383026123,13.438651084899902,13.093588829040527,12.685118675231934,12.203059196472168,11.816446304321289,11.376838684082031,10.956084251403809,10.760003089904785
7.020019054412842,7.741273880004883,8.803329467773438,10.053878784179688,11.29415512084961,12.227025985717773,12.778732299804688,12.876171112060547,12.619197845458984,12.295425415039062,12.162063598632812,12.207005500793457,12.370007514953613,12.578154563903809,12.780905723571777,12.875794410705566,12.909269332885742,13.012306213378906,13.262998580932617,13.545504570007324,13.84018611907959,14.117575645446777,14.329593658447266,14.41409969329834,14.390820503234863,14.295432090759277,14.133342742919922,13.936076164245605,13.670319557189941,13.738425254821777,12.814190864562988,12.396489143371582,12.040297508239746,11.728286743164062,11.478100776672363,11.490696907043457,11.574520111083984,11.5803804397583,11.545757293701172,11.494280815124512,11.316125869750977,11.023932456970215,10.891754150390625,10.577518463134766
10.582253456115723,10.71357250213623,10.888468742370605,11.071375846862793,11.946647644042969,12.931915283203125,13.537779808044434,13.629919052124023,13.347623825073242,13.040793418884277,12.95930290222168,12.984787940979004,13.048569679260254,13.13703727722168,13.280298233032227,13.354013442993164,13.420735359191895,13.572690963745117,13.85987377166748,14.08605670928955,14.20715618133545,14.194199562072754,13.98049545288086,13.525714874267578,13.010428428649902,12.538249969482422,12.169302940368652,12.08321475982666,11.79277515411377,11.464178085327148,11.18459701538086,11.008631706237793,11.082138061523438,10.847530364990234,10.79966926574707,10.976202964782715,10.745889663696289,10.745133399963379,10.914395332336426,11.166863441467285,11.23056411743164,11.221232414245605,11.066451072692871,10.9608793258667
16.082212448120117,15.065987586975098,17.180431365966797,13.097600936889648,13.283394813537598,14.150810241699219,14.78056812286377,14.999276161193848,14.914644241333008,14.84771728515625,15.003743171691895,15.142003059387207,15.16529369354248,15.117025375366211,15.119118690490723,15.051352500915527,14.977603912353516,14.984130859375,15.032076835632324,14.835651397705078,14.501152992248535,14.06893253326416,13.456822395324707,12.536834716796875,11.895047187805176,10.97180461883545,10.506303787231445,10.189390182495117,10.170612335205078,10.303216934204102,11.256707191467285,10.75371265411377,10.844704627990723,10.693137168884277,10.951562881469727,11.27050495147705,12.79465389251709,10.910100936889648,11.014974594116211,11.04434871673584,11.218714714050293,11.48607063293457,11.402565002441406,11.26244068145752
14.404641151428223,14.05257511138916,13.879544258117676,14.301104545593262,15.022929191589355,15.656017303466797,16.07563591003418,16.241186141967773,16.28435707092285,16.41709327697754,16.737228393554688,16.91556739807129,16.86393165588379,16.645708084106445,16.39303970336914,15.934616088867188,15.460758209228516,15.078317642211914,14.762472152709961,14.235970497131348,13.682535171508789,13.230899810791016,12.837200164794922,11.456429481506348,10.43945026397705,9.7725830078125,9.375783920288086,9.50939655303955,10.134117126464844,12.787192344665527,12.149391174316406,10.98898983001709,10.965702056884766,11.33901596069336,11.923253059387207,11.540637969970703,11.238016128540039,10.990656852722168,10.87260913848877,10.728850364685059,10.754738807678223,10.894059181213379,10.8575439453125,10.712115287780762
14.327366828918457,14.887737274169922,15.427120208740234,15.979303359985352,16.316421508789062,16.33401107788086,16.333736419677734,16.312864303588867,16.316518783569336,16.360681533813477,16.546077728271484,16.72646713256836,16.730907440185547,16.4356632232666,15.82138442993164,14.949555397033691,14.061790466308594,13.484976768493652,12.80948257446289,12.0904541015625,11.428359985351562,10.882051467895508,10.501490592956543,10.180500984191895,9.68639087677002,9.31534194946289,9.22313404083252,9.570890426635742,9.538896560668945,9.851068496704102,10.298108100891113,10.998785018920898,12.16231632232666,11.64099407196045,11.22352409362793,11.283782005310059,10.804044723510742,10.528660774230957,10.287206649780273,9.96080493927002,9.582279205322266,9.33542251586914,9.233407974243164,9.420405387878418
16.267894744873047,16.49898910522461,16.721237182617188,16.838045120239258,16.725074768066406,16.302026748657227,15.943366050720215,15.729769706726074,15.350935935974121,14.512239456176758,13.895894050598145,13.796433448791504,13.809871673583984,13.6674222946167,12.977532386779785,12.07492733001709,11.249788284301758,10.516669273376465,9.935182571411133,9.361237525939941,9.22524356842041,8.900373458862305,9.428397178649902,9.163558959960938,9.043517112731934,9.201498985290527,9.562272071838379,10.387825965881348,10.80819320678711,10.711287498474121,10.206183433532715,10.011139869689941,10.168778419494629,9.658379554748535,9.605142593383789,9.452672004699707,9.484101295471191,9.56124496459961,9.328774452209473,8.892145156860352,9.572080612182617,10.575847625732422,9.014131546020508,9.643649101257324
16.460304260253906,16.722061157226562,16.957353591918945,17.057954788208008,16.84791374206543,16.24624252319336,15.795303344726562,16.106523513793945,21.231721878051758,15.540037155151367,12.790249824523926,10.713539123535156,9.760566711425781,9.826598167419434,9.711065292358398,9.359383583068848,9.062980651855469,9.05687427520752,9.105547904968262,9.106139183044434,8.00330638885498,7.629726409912109,7.6049652099609375,8.132110595703125,8.773608207702637,9.382935523986816,9.610954284667969,10.425519943237305,11.257772445678711,11.315314292907715,10.319391250610352,9.631710052490234,9.16933536529541,9.336756706237793,8.473429679870605,8.58296012878418,9.007542610168457,11.297839164733887,8.724215507507324,8.366483688354492,9.611495971679688,10.604501724243164,10.877730369567871,11.229692459106445
