DATA/HARM750/wind130m_forecast_202202170000_HARM750_WFP_DT.json
{"header": {"parameterCategory": 2, "parameterNumber": 3, "lo1": 1.2152522500000003, "la1": 53.22887826, "dx": 0.06299999999999972, "dy": 0.06300000000000239, "nx": 54, "ny": 52, "refTime": "2022-02-17T00:00:00.000000000"}, "data":
[rows 20 to 39 of 52, columns 0 to 43 of 54]
0.1933709681034088,0.2512270212173462,0.25398409366607666,0.39913180470466614,0.47203847765922546,0.5440514087677002,0.6126638650894165,0.6639326810836792,0.6619598269462585,0.6111868619918823,0.5393588542938232,0.4771941304206848,0.4317494332790375,0.3990026116371155,0.38678935170173645,0.39467015862464905,0.41196274757385254,0.40895023941993713,0.378799170255661,0.3273206651210785,0.27686357498168945,0.23986662924289703,0.24236144125461578,0.3087238669395447,0.4495992362499237,0.6251063942909241,0.7933961749076843,0.9460278153419495,1.1017590761184692,1.2648422718048096,1.3994847536087036,1.5073705911636353,1.6180320978164673,1.7787553071975708,1.9756321907043457,2.190671920776367,2.3972511291503906,2.584401845932007,2.7734622955322266,2.985372304916382,3.224785327911377,3.500213146209717,3.8328747749328613,4.176326751708984
0.5751248002052307,0.6546594500541687,0.7143412232398987,0.7746415734291077,0.8404412269592285,0.8962863087654114,0.9161244630813599,0.8801836967468262,0.780404269695282,0.6673604846000671,0.5665788650512695,0.48551493883132935,0.414156049489975,0.388666570186615,0.4144083559513092,0.47195494174957275,0.5089590549468994,0.5178114771842957,0.509718656539917,0.4976827800273895,0.4904351234436035,0.5019100904464722,0.552992582321167,0.6509789824485779,0.7872977256774902,0.9301946759223938,1.0718072652816772,1.2229939699172974,1.3814470767974854,1.504258155822754,1.5945451259613037,1.722203254699707,1.9354424476623535,2.2087509632110596,2.4449026584625244,2.6552035808563232,2.865969181060791,3.0854415893554688,3.297107219696045,3.554187059402466,3.886124610900879,4.249712944030762,4.592459201812744,4.90570068359375
0.9021361470222473,1.0182812213897705,1.0602538585662842,1.1231967210769653,1.1807845830917358,1.183508276939392,1.133158564567566,1.0460261106491089,0.9380248188972473,0.8267754912376404,0.7327158451080322,0.6648287773132324,0.6315588355064392,0.6553115844726562,0.7107173800468445,0.7655665278434753,0.7929482460021973,0.8242621421813965,0.8569368720054626,0.884575366973877,0.9046652317047119,0.9516087770462036,1.026451826095581,1.1138975620269775,1.2124414443969727,1.328322172164917,1.4477989673614502,1.5546857118606567,1.6509246826171875,1.7633459568023682,1.937739610671997,2.1829347610473633,2.4555976390838623,2.6988916397094727,2.911895513534546,3.1349685192108154,3.3757386207580566,3.61769700050354,3.8619701862335205,4.162204742431641,4.521900653839111,4.901846885681152,5.23304557800293,5.4997148513793945
1.230629563331604,1.257084608078003,1.301703691482544,1.352900505065918,1.3534220457077026,1.3067243099212646,1.2483084201812744,1.200872540473938,1.1296933889389038,1.0370832681655884,0.9678228497505188,0.9483524560928345,0.9741982221603394,1.028844952583313,1.082444429397583,1.1245994567871094,1.1486104726791382,1.1834231615066528,1.211341142654419,1.2318665981292725,1.2632437944412231,1.3504202365875244,1.4610260725021362,1.564827561378479,1.6536868810653687,1.749742865562439,1.8393272161483765,1.9337265491485596,2.061479091644287,2.24582576751709,2.4635863304138184,2.6773791313171387,2.87707257270813,3.0718319416046143,3.2905220985412598,3.5187010765075684,3.731745958328247,3.93464732170105,4.1974053382873535,4.555761337280273,4.951416969299316,5.319260597229004,5.621312618255615,5.822257041931152
1.4113916158676147,1.4219945669174194,1.4234492778778076,1.4143624305725098,1.3884459733963013,1.3640176057815552,1.3434478044509888,1.3168740272521973,1.269187092781067,1.2493263483047485,1.2870941162109375,1.361868977546692,1.4239795207977295,1.4618909358978271,1.494753360748291,1.5161974430084229,1.514336347579956,1.5132321119308472,1.5314173698425293,1.5868951082229614,1.6799424886703491,1.8021308183670044,1.9172344207763672,2.017509698867798,2.1189985275268555,2.239398956298828,2.357489585876465,2.4805245399475098,2.6235954761505127,2.786381244659424,2.929553270339966,3.068725109100342,3.236614942550659,3.4445314407348633,3.6484251022338867,3.825821876525879,4.009537696838379,4.241762161254883,4.5384697914123535,4.855581283569336,5.128974914550781,5.3470258712768555,5.535728931427002,5.666560173034668
1.674835205078125,1.6535534858703613,1.6189894676208496,1.5882776975631714,1.5674679279327393,1.5383515357971191,1.4953423738479614,1.452383041381836,1.4354321956634521,1.4748709201812744,1.542097806930542,1.6059538125991821,1.6504833698272705,1.6996138095855713,1.7538769245147705,1.788665533065796,1.8005928993225098,1.8280850648880005,1.9090793132781982,2.0308687686920166,2.1677608489990234,2.301313877105713,2.4336423873901367,2.556257724761963,2.668421745300293,2.768158435821533,2.8671157360076904,2.979395627975464,3.1002705097198486,3.229180097579956,3.37190842628479,3.535029411315918,3.7014412879943848,3.857858180999756,4.008720874786377,4.199461460113525,4.436501502990723,4.698057651519775,4.917767524719238,5.076530933380127,5.2132439613342285,5.342170238494873,5.451933860778809,5.515928745269775
1.8909194469451904,1.8698009252548218,1.8539484739303589,1.8273324966430664,1.7755637168884277,1.704766869544983,1.6403318643569946,1.6098456382751465,1.6202822923660278,1.6407666206359863,1.6528815031051636,1.6749334335327148,1.7244255542755127,1.785697102546692,1.8260962963104248,1.8656642436981201,1.9296057224273682,2.0390946865081787,2.1738412380218506,2.3199210166931152,2.4599902629852295,2.5941121578216553,2.7242848873138428,2.837357521057129,2.9288785457611084,3.0113465785980225,3.1231024265289307,3.266798257827759,3.4228012561798096,3.5695204734802246,3.7178616523742676,3.8831374645233154,4.072742938995361,4.293624401092529,4.563791751861572,4.878517150878906,5.148408889770508,5.305545330047607,5.3653154373168945,5.3885817527771,5.397096157073975,5.388684272766113,5.360532283782959,5.355595111846924
2.071882963180542,2.0951056480407715,2.070453643798828,1.9943093061447144,1.9083415269851685,1.8411823511123657,1.7814414501190186,1.7212897539138794,1.6636308431625366,1.6093047857284546,1.57206130027771,1.5613142251968384,1.5753867626190186,1.575247883796692,1.5747134685516357,1.6257675886154175,1.7462654113769531,1.891787052154541,2.0263562202453613,2.1638457775115967,2.303647994995117,2.4337804317474365,2.5352866649627686,2.623044490814209,2.722027540206909,2.865609884262085,3.0604567527770996,3.2702810764312744,3.4847524166107178,3.7127721309661865,3.969379186630249,4.244033336639404,4.546733379364014,4.889924049377441,5.238125324249268,5.5107011795043945,5.68747091293335,5.771937847137451,5.779467582702637,5.701735973358154,5.551856994628906,5.388979434967041,5.311468124389648,5.348301410675049
2.057697057723999,2.0527288913726807,1.996435284614563,1.9214421510696411,1.8672634363174438,1.8310500383377075,1.7767424583435059,1.7092490196228027,1.6486680507659912,1.6043084859848022,1.5350345373153687,1.4401034116744995,1.3494726419448853,1.2984980344772339,1.3023664951324463,1.3585559129714966,1.4363594055175781,1.510068655014038,1.6002997159957886,1.7229770421981812,1.8528759479522705,1.9639755487442017,2.0859618186950684,2.26017165184021,2.4773664474487305,2.731269598007202,3.017772674560547,3.3175055980682373,3.627068519592285,3.949491024017334,4.302105903625488,4.63954496383667,4.960619926452637,5.289717197418213,5.608180046081543,5.834323883056641,5.953041076660156,5.978847980499268,5.898386001586914,5.700289249420166,5.484221458435059,5.361987113952637,5.36004638671875,5.417044639587402
1.8773243427276611,1.84634268283844,1.8240272998809814,1.7973312139511108,1.754149317741394,1.728935956954956,1.7287981510162354,1.7405892610549927,1.7473591566085815,1.7284693717956543,1.654289722442627,1.5573506355285645,1.476850152015686,1.4396570920944214,1.4202532768249512,1.4171559810638428,1.4396185874938965,1.5045117139816284,1.6260689496994019,1.7714332342147827,1.915854811668396,2.0755748748779297,2.304105043411255,2.6010403633117676,2.901988983154297,3.1919777393341064,3.5095937252044678,3.863447904586792,4.186031341552734,4.463193416595459,4.728102207183838,4.986905097961426,5.230926990509033,5.468990802764893,5.684311866760254,5.814631938934326,5.83292818069458,5.759195327758789,5.607325077056885,5.423741340637207,5.317585468292236,5.289865970611572,5.303501605987549,5.315120220184326
1.6483705043792725,1.664992332458496,1.6423410177230835,1.5992590188980103,1.642874002456665,1.735835313796997,1.8750489950180054,2.008464813232422,2.091097354888916,2.1380507946014404,2.149611234664917,2.155710220336914,2.1660749912261963,2.181635856628418,2.2043519020080566,2.2723710536956787,2.383302927017212,2.5240840911865234,2.673840045928955,2.867377996444702,3.1143689155578613,3.398019790649414,3.69105863571167,3.9717607498168945,4.234804630279541,4.469170570373535,4.673946380615234,4.844112396240234,4.961799144744873,5.052961349487305,5.145214080810547,5.245309829711914,5.324781894683838,5.3756208419799805,5.391678333282471,5.365057945251465,5.29498815536499,5.219628810882568,5.1666107177734375,5.13491678237915,5.13913106918335,5.169443130493164,5.223699569702148,5.321426868438721
1.533677339553833,1.540490984916687,1.5321747064590454,1.5961689949035645,1.7491940259933472,1.9812387228012085,2.2165164947509766,2.4369547367095947,2.659106731414795,2.902674436569214,3.1123340129852295,3.282259941101074,3.4346776008605957,3.597010374069214,3.7736594676971436,3.984069585800171,4.220617771148682,4.454487323760986,4.663920879364014,4.921809673309326,5.2105255126953125,5.506326675415039,5.7156782150268555,5.832953929901123,5.894775390625,5.907052516937256,5.854822635650635,5.724918365478516,5.574967384338379,5.453005313873291,5.3312201499938965,5.203037738800049,5.075904846191406,4.983431816101074,4.9141106605529785,4.865133285522461,4.8263421058654785,4.80375337600708,4.802302837371826,4.834356307983398,4.903023719787598,5.0249223709106445,5.183040142059326,5.312267303466797
1.378415584564209,1.405300259590149,1.5534934997558594,1.8344861268997192,2.1377925872802734,2.4415600299835205,2.7656455039978027,3.130661725997925,3.523350715637207,3.9037201404571533,4.223357200622559,4.539721965789795,4.889993190765381,5.266798973083496,5.601309776306152,5.891177177429199,6.166952133178711,6.455834865570068,6.763127326965332,7.028911590576172,7.191501617431641,7.252004623413086,7.219313621520996,7.113276481628418,6.907355785369873,6.608214378356934,6.273822784423828,5.976994037628174,5.69642448425293,5.431096076965332,5.187270641326904,4.963602066040039,4.800838947296143,4.65493631362915,4.545711994171143,4.466526508331299,4.40601921081543,4.442732810974121,4.551689147949219,4.710508823394775,4.894888401031494,5.084392070770264,5.230520725250244,5.340880870819092
1.195181965827942,1.5054738521575928,1.6025722026824951,2.3327219486236572,2.6640942096710205,3.0590691566467285,3.5384726524353027,4.045493125915527,4.513958930969238,4.935288429260254,5.370999813079834,5.830286979675293,6.277857780456543,6.682053089141846,7.04501485824585,7.365816593170166,7.638769626617432,7.861924171447754,8.020525932312012,8.082868576049805,8.037057876586914,7.903146266937256,7.681889057159424,7.349874496459961,6.964881896972656,6.49335241317749,6.1197967529296875,5.806987285614014,5.52416467666626,5.273109436035156,5.1476311683654785,4.878726959228516,4.711418151855469,4.515761375427246,4.401731491088867,4.359194755554199,4.443875312805176,4.4535908699035645,4.594479084014893,4.750422477722168,4.925321102142334,5.093273639678955,5.244822025299072,5.416289806365967
1.8753358125686646,2.228196144104004,2.604072332382202,3.0364482402801514,3.52655029296875,4.0419135093688965,4.545655250549316,4.9962992668151855,5.406127452850342,5.829490661621094,6.298704147338867,6.720844745635986,7.063518047332764,7.361349582672119,7.6695475578308105,7.928016185760498,8.080523490905762,8.145203590393066,8.161706924438477,8.11475944519043,7.974791526794434,7.751224517822266,7.453667163848877,6.986001491546631,6.58125114440918,6.259586811065674,5.992867469787598,5.808320045471191,5.681410312652588,5.717822551727295,5.511334419250488,5.214522361755371,4.979678153991699,4.808413982391357,4.723025321960449,4.629128932952881,4.610621929168701,4.641643047332764,4.729656219482422,4.860513687133789,5.027950763702393,5.197363376617432,5.363882541656494,5.5417375564575195
2.4786465167999268,2.9099884033203125,3.389427900314331,3.924055337905884,4.477295398712158,4.965562343597412,5.3809075355529785,5.793400287628174,6.191725254058838,6.539308547973633,6.8111701011657715,7.042217254638672,7.254053592681885,7.45044469833374,7.6110663414001465,7.692816734313965,7.715121269226074,7.735482215881348,7.711997032165527,7.612281322479248,7.433433532714844,7.214503765106201,7.005611419677734,6.826770782470703,6.630125522613525,6.455423831939697,6.308752059936523,6.214859962463379,6.041635990142822,5.964929103851318,5.864884853363037,5.741333484649658,5.614871978759766,5.396013259887695,5.16942834854126,5.061198711395264,4.949180603027344,4.924115180969238,4.969419956207275,5.068742752075195,5.184412479400635,5.288010120391846,5.395320415496826,5.5581374168396
3.2970168590545654,3.760984182357788,4.212362766265869,4.668584823608398,5.119441032409668,5.530648708343506,5.911740303039551,6.272068500518799,6.542078971862793,6.674110412597656,6.765894412994385,6.8683905601501465,6.932330131530762,6.9573893547058105,6.939537048339844,6.927507400512695,6.954495906829834,7.000479221343994,7.032022476196289,6.994101047515869,6.987881660461426,6.9564595222473145,7.02759313583374,6.94743013381958,6.8355817794799805,6.78887939453125,6.7708306312561035,6.788397312164307,6.7006916999816895,6.5192742347717285,6.246895790100098,6.026366233825684,5.899836540222168,5.694337368011475,5.522866725921631,5.358241081237793,5.282501697540283,5.257035255432129,5.189764976501465,5.132858753204346,5.308266639709473,5.46478271484375,5.486138820648193,5.754828929901123
3.9299094676971436,4.263626575469971,4.5941691398620605,4.9517436027526855,5.328639984130859,5.68216609954834,5.9706010818481445,6.188364505767822,6.03064489364624,6.469294548034668,6.316067695617676,6.309478282928467,6.276394367218018,6.152759075164795,6.155272006988525,6.2566447257995605,6.317230224609375,6.377817630767822,6.540907859802246,6.685832977294922,6.644466400146484,6.670771598815918,6.715789794921875,6.848348617553711,6.945023536682129,7.006074905395508,6.937170028686523,6.841860294342041,6.748288154602051,6.626180648803711,6.375178813934326,6.194690704345703,6.025691032409668,5.904633045196533,5.679189682006836,5.55216121673584,5.50460147857666,5.560253143310547,5.282175064086914,5.118709564208984,5.479227066040039,5.6898698806762695,5.849064826965332,6.0587286949157715
4.188478946685791,4.39033842086792,4.579731464385986,4.796806335449219,5.0527143478393555,5.326070308685303,5.536445140838623,5.748990058898926,6.0490899085998535,6.252243518829346,6.365511894226074,5.965509414672852,5.766354560852051,5.7586894035339355,5.941246509552002,6.2789106369018555,6.1656317710876465,6.295214653015137,6.378388404846191,6.395946025848389,6.429714679718018,6.462320327758789,6.381707191467285,6.75928258895874,6.674089431762695,6.705925941467285,6.668917655944824,6.663548946380615,6.710615634918213,6.391467094421387,6.290457248687744,6.093931198120117,5.989080429077148,5.898998737335205,5.784173965454102,5.8523173332214355,5.801441192626953,5.453741073608398,5.373188018798828,5.773887634277344,5.8631062507629395,5.9456963539123535,5.9927544593811035,6.133265972137451
4.00103759765625,4.112872123718262,4.253558158874512,4.439386367797852,4.67872428894043,4.95768928527832,5.218194007873535,5.470498085021973,5.639067649841309,5.485713005065918,6.008657455444336,5.862881183624268,5.6865973472595215,6.257650852203369,6.2945451736450195,6.107521057128906,5.919111251831055,6.016999244689941,6.160685062408447,6.301440238952637,6.267853736877441,6.302820205688477,6.321563720703125,6.553097248077393,6.5315327644348145,6.521780014038086,6.487761497497559,6.45205020904541,6.287169933319092,6.272193431854248,6.291070461273193,6.247332572937012,6.343590259552002,6.236443519592285,6.072540283203125,5.673476219177246,5.598672389984131,5.93615198135376,5.9434814453125,6.120997428894043,6.132510662078857,6.124441146850586,6.150641918182373,6.6160712242126465
