DATA/HARM750/wind130m_forecast_202202170000_HARM750_WFP_DT.json
{"header": {"parameterCategory": 2, "parameterNumber": 2, "lo1": 1.2152522500000003, "la1": 53.22887826, "dx": 0.06299999999999972, "dy": 0.06300000000000239, "nx": 54, "ny": 52, "refTime": "2022-02-17T00:00:00.000000000"}, "data":
[rows 0 to 18 of 52, columns 0 to 42 of 54]
24.616790771484375,24.407835006713867,24.005285263061523,23.61589813232422,23.359012603759766,23.286170959472656,23.43311309814453,23.757143020629883,24.126216888427734,24.38111114501953,24.513700485229492,24.551664352416992,24.50895881652832,24.399150848388672,24.364768981933594,24.445985794067383,24.613679885864258,24.77922821044922,24.97270965576172,25.174436569213867,25.336576461791992,25.415205001831055,25.473052978515625,25.50571060180664,25.435903549194336,25.211933135986328,24.91881561279297,24.6691951751709,24.507173538208008,24.465652465820312,24.564193725585938,24.764314651489258,24.89974021911621,24.938751220703125,24.909584045410156,24.88833236694336,24.877525329589844,24.9071044921875,25.01844596862793,25.21723175048828,25.34320068359375,25.323514938354492,25.18417739868164
24.269338607788086,24.096635818481445,23.880403518676758,23.745140075683594,23.719446182250977,23.750154495239258,23.828519821166992,23.981197357177734,24.14581298828125,24.225624084472656,24.187318801879883,24.07054328918457,23.929576873779297,23.8221492767334,23.832962036132812,23.997806549072266,24.28133773803711,24.596084594726562,24.901121139526367,25.166034698486328,25.36674690246582,25.478849411010742,25.53643035888672,25.54034996032715,25.470243453979492,25.326417922973633,25.204092025756836,25.142841339111328,25.135515213012695,25.15700340270996,25.191787719726562,25.20563316345215,25.158010482788086,25.04538917541504,24.903711318969727,24.78294563293457,24.72900390625,24.769824981689453,24.884872436523438,25.00771713256836,25.037466049194336,24.95760726928711,24.817106246948242
23.699920654296875,23.828506469726562,24.008691787719727,24.178180694580078,24.309429168701172,24.404354095458984,24.43025779724121,24.368053436279297,24.220083236694336,24.0175838470459,23.782119750976562,23.57575035095215,23.448591232299805,23.4387149810791,23.524646759033203,23.684478759765625,23.8935546875,24.128599166870117,24.36326026916504,24.587106704711914,24.78931999206543,24.942617416381836,25.027671813964844,25.071216583251953,25.115571975708008,25.158065795898438,25.21501922607422,25.29069709777832,25.381675720214844,25.44288444519043,25.469905853271484,25.45395851135254,25.38558006286621,25.224464416503906,25.050437927246094,24.94411277770996,24.982301712036133,25.057544708251953,25.120271682739258,25.13829231262207,25.094194412231445,24.965177536010742,24.7952823638916
22.908781051635742,23.356487274169922,23.88923454284668,24.325923919677734,24.606487274169922,24.746774673461914,24.625499725341797,24.267982482910156,23.830650329589844,23.551612854003906,23.422359466552734,23.39496421813965,23.43520736694336,23.529476165771484,23.586688995361328,23.610078811645508,23.64716911315918,23.752197265625,23.875825881958008,24.012052536010742,24.16119384765625,24.322553634643555,24.434160232543945,24.54042625427246,24.67979621887207,24.828475952148438,24.988018035888672,25.17756462097168,25.396026611328125,25.56123924255371,25.62983512878418,25.613811492919922,25.54848861694336,25.433547973632812,25.344633102416992,25.34794807434082,25.474008560180664,25.581857681274414,25.615278244018555,25.576570510864258,25.49955940246582,25.304962158203125,25.031970977783203
21.486427307128906,22.17862319946289,22.92182731628418,23.530593872070312,23.913549423217773,24.04129409790039,23.80859375,23.399578094482422,23.076499938964844,23.063446044921875,23.214603424072266,23.43402099609375,23.67978286743164,23.91571807861328,23.958507537841797,23.853713989257812,23.716392517089844,23.659366607666016,23.61890983581543,23.66179847717285,23.824092864990234,24.070926666259766,24.25393295288086,24.394990921020508,24.551546096801758,24.74166488647461,24.912952423095703,25.113056182861328,25.374597549438477,25.588350296020508,25.68097496032715,25.705406188964844,25.734272003173828,25.747447967529297,25.761837005615234,25.809415817260742,25.90166664123535,25.95979118347168,25.961803436279297,25.887483596801758,25.738914489746094,25.468656539916992,25.176353454589844
21.801544189453125,22.380645751953125,22.576475143432617,21.856033325195312,22.224275588989258,22.36381721496582,22.197372436523438,22.004013061523438,22.050477981567383,22.440519332885742,22.93110466003418,23.430219650268555,23.89190101623535,24.20477294921875,24.103435516357422,23.772647857666016,23.460636138916016,23.35053825378418,23.341999053955078,23.496681213378906,23.805465698242188,24.15659523010254,24.323375701904297,24.39560890197754,24.481311798095703,24.63575553894043,24.77171516418457,24.945276260375977,25.190975189208984,25.43765640258789,25.59474754333496,25.701143264770508,25.791126251220703,25.837440490722656,25.844284057617188,25.87061309814453,25.935302734375,25.97353744506836,25.936750411987305,25.81740379333496,25.6318302154541,25.39003562927246,25.152854919433594
19.206010818481445,19.830549240112305,20.733842849731445,21.100568771362305,20.759029388427734,20.445266723632812,20.447994232177734,20.49442481994629,20.870710372924805,21.637155532836914,22.494850158691406,23.232084274291992,23.730365753173828,23.892658233642578,23.5750732421875,23.122325897216797,22.82634925842285,22.838191986083984,22.984079360961914,23.284835815429688,23.67947769165039,24.05694007873535,24.176740646362305,24.1889591217041,24.197296142578125,24.26156997680664,24.335601806640625,24.504880905151367,24.76609230041504,25.038192749023438,25.224613189697266,25.350187301635742,25.45330047607422,25.51030158996582,25.548242568969727,25.60215187072754,25.661619186401367,25.65055274963379,25.581449508666992,25.49226188659668,25.392658233642578,25.2659854888916,25.13102912902832
18.682998657226562,18.379606246948242,19.16620635986328,19.492555618286133,18.90413475036621,19.077714920043945,19.073957443237305,19.326509475708008,20.02195167541504,21.064647674560547,22.07239532470703,22.787006378173828,23.1279239654541,23.136354446411133,22.790088653564453,22.387229919433594,22.195310592651367,22.34412384033203,22.685272216796875,23.16311264038086,23.64643669128418,23.985719680786133,24.012622833251953,23.898103713989258,23.777114868164062,23.733488082885742,23.758028030395508,23.928466796875,24.205615997314453,24.455509185791016,24.58914566040039,24.717918395996094,24.86536979675293,24.997867584228516,25.090967178344727,25.18140983581543,25.264902114868164,25.289548873901367,25.282072067260742,25.28079605102539,25.26932144165039,25.217803955078125,25.14549446105957
18.689912796020508,18.789125442504883,18.646657943725586,18.654897689819336,18.44068145751953,18.353981018066406,18.333133697509766,18.790254592895508,19.56360626220703,20.696266174316406,21.70436668395996,22.3750057220459,22.6766357421875,22.651243209838867,22.320802688598633,21.982513427734375,21.95198631286621,22.335975646972656,22.926166534423828,23.530643463134766,23.984764099121094,24.156593322753906,23.997453689575195,23.718505859375,23.512191772460938,23.47970199584961,23.56522560119629,23.76807403564453,24.015180587768555,24.220123291015625,24.308025360107422,24.373926162719727,24.455276489257812,24.561132431030273,24.667871475219727,24.808055877685547,24.955018997192383,25.069944381713867,25.11539649963379,25.111797332763672,25.09461212158203,25.083969116210938,25.066646575927734
18.383846282958984,19.133861541748047,19.43717384338379,19.332374572753906,18.575214385986328,18.254507064819336,18.25235939025879,18.755578994750977,19.6660213470459,20.54012107849121,21.54215431213379,22.18562126159668,22.471208572387695,22.44454574584961,22.19774627685547,22.059261322021484,22.3057804107666,22.92069435119629,23.591341018676758,24.10414695739746,24.408069610595703,24.47031021118164,24.238384246826172,23.90574836730957,23.700376510620117,23.718286514282227,23.845285415649414,24.03093719482422,24.22720718383789,24.37616729736328,24.383697509765625,24.322656631469727,24.300273895263672,24.372840881347656,24.50283432006836,24.647436141967773,24.775466918945312,24.845752716064453,24.84480857849121,24.806699752807617,24.766273498535156,24.74419403076172,24.69260025024414
18.789772033691406,18.743408203125,19.621994018554688,18.8727970123291,18.105377197265625,18.472925186157227,18.022911071777344,18.44830894470215,19.32635498046875,20.394716262817383,21.355445861816406,21.92291831970215,22.18598747253418,22.239744186401367,22.16872787475586,22.207809448242188,22.58115005493164,23.223562240600586,23.849172592163086,24.30362892150879,24.55834197998047,24.560775756835938,24.258312225341797,23.875473022460938,23.69599723815918,23.79877471923828,24.030597686767578,24.273792266845703,24.490381240844727,24.60659408569336,24.53473663330078,24.36807632446289,24.26564598083496,24.28097152709961,24.331466674804688,24.37672996520996,24.435792922973633,24.491788864135742,24.49484634399414,24.458486557006836,24.417570114135742,24.369853973388672,24.274290084838867
18.82545280456543,18.85166358947754,19.431217193603516,18.609729766845703,18.15562629699707,18.207141876220703,17.926939010620117,18.88855743408203,19.459056854248047,20.105073928833008,20.951175689697266,21.469202041625977,21.75174331665039,21.873607635498047,21.916690826416016,22.024089813232422,22.401599884033203,23.011564254760742,23.625547409057617,24.01653480529785,24.160497665405273,24.047119140625,23.717622756958008,23.406856536865234,23.35643768310547,23.551408767700195,23.824871063232422,24.069547653198242,24.285282135009766,24.402576446533203,24.324247360229492,24.17091178894043,24.075368881225586,24.05662727355957,24.04446792602539,24.060483932495117,24.141246795654297,24.234304428100586,24.251142501831055,24.221242904663086,24.205217361450195,24.19044303894043,24.136524200439453
19.206432342529297,19.182077407836914,19.170312881469727,18.626182556152344,17.646358489990234,17.994291305541992,17.986736297607422,18.58403778076172,19.357528686523438,19.92499351501465,20.644115447998047,21.07745933532715,21.29794692993164,21.39150047302246,21.475624084472656,21.67128562927246,22.096851348876953,22.67131805419922,23.18863868713379,23.419431686401367,23.44886589050293,23.316402435302734,23.080514907836914,22.857481002807617,22.81240463256836,22.945297241210938,23.17856788635254,23.452632904052734,23.71479034423828,23.866405487060547,23.85080337524414,23.768754959106445,23.74065399169922,23.749019622802734,23.76018714904785,23.828861236572266,23.954421997070312,24.0792293548584,24.15363121032715,24.237865447998047,24.330440521240234,24.3475284576416,24.2417049407959
18.748207092285156,18.57379913330078,18.046545028686523,18.669221878051758,18.9754638671875,19.12758445739746,19.138011932373047,19.54172134399414,19.733041763305664,20.18124771118164,20.70293426513672,21.00678253173828,21.17853355407715,21.31711769104004,21.51019287109375,21.769285202026367,22.16847038269043,22.617984771728516,22.97369384765625,23.12247085571289,23.127365112304688,22.984281539916992,22.726465225219727,22.463674545288086,22.409503936767578,22.565183639526367,22.824750900268555,23.077247619628906,23.3095645904541,23.451650619506836,23.46693229675293,23.446767807006836,23.474397659301758,23.530521392822266,23.5925235748291,23.70255470275879,23.865381240844727,24.02837371826172,24.162960052490234,24.292490005493164,24.355772018432617,24.292787551879883,24.112762451171875
18.453256607055664,18.85948944091797,19.067075729370117,19.298627853393555,19.102067947387695,19.318452835083008,19.800439834594727,20.077974319458008,20.315139770507812,20.749197006225586,21.07799530029297,21.25384521484375,21.400104522705078,21.604835510253906,21.876441955566406,22.15321159362793,22.50204849243164,22.87051010131836,23.124813079833984,23.146915435791016,23.026317596435547,22.81255531311035,22.581562042236328,22.415451049804688,22.46548843383789,22.645259857177734,22.829906463623047,22.948163986206055,23.072612762451172,23.17292594909668,23.221105575561523,23.229076385498047,23.284339904785156,23.37571144104004,23.480186462402344,23.60416603088379,23.765810012817383,23.921749114990234,24.01825714111328,24.03739356994629,23.976335525512695,23.84029769897461,23.652732849121094
19.174415588378906,19.216760635375977,19.29096031188965,19.360578536987305,19.587650299072266,20.042150497436523,20.355026245117188,20.444843292236328,20.895780563354492,21.21595573425293,21.43747901916504,21.54723358154297,21.681640625,21.91401481628418,22.227495193481445,22.527189254760742,22.826509475708008,23.059362411499023,23.14051055908203,22.997907638549805,22.792724609375,22.61623191833496,22.505813598632812,22.45441246032715,22.528915405273438,22.671289443969727,22.8208065032959,22.934885025024414,23.043771743774414,23.079727172851562,23.032772064208984,22.96002197265625,22.989368438720703,23.09016227722168,23.22043228149414,23.342849731445312,23.467994689941406,23.551597595214844,23.5787353515625,23.53486442565918,23.4405574798584,23.31726837158203,23.17339324951172
19.002246856689453,18.923599243164062,18.87896156311035,19.388883590698242,19.781795501708984,20.135643005371094,20.475683212280273,20.67018699645996,21.060253143310547,21.297212600708008,21.461584091186523,21.590694427490234,21.792871475219727,22.079875946044922,22.404911041259766,22.684017181396484,22.871234893798828,22.92781639099121,22.852928161621094,22.675155639648438,22.508623123168945,22.38385772705078,22.322973251342773,22.349451065063477,22.494403839111328,22.68421173095703,22.836877822875977,22.875625610351562,22.807170867919922,22.66827964782715,22.53152084350586,22.480098724365234,22.564373016357422,22.70218276977539,22.85448455810547,22.99070930480957,23.1106014251709,23.159393310546875,23.128944396972656,23.056123733520508,22.990549087524414,22.937917709350586,22.930316925048828
19.681230545043945,19.0922908782959,18.723201751708984,18.90606689453125,19.28473663330078,19.360260009765625,20.143842697143555,20.460472106933594,20.835208892822266,21.09215545654297,21.316835403442383,21.595630645751953,21.914648056030273,22.225971221923828,22.495296478271484,22.70554542541504,22.79532814025879,22.74928855895996,22.612451553344727,22.458818435668945,22.3234806060791,22.238563537597656,22.252283096313477,22.389766693115234,22.576602935791016,22.699356079101562,22.712343215942383,22.613155364990234,22.45656394958496,22.30409812927246,22.20396614074707,22.18927764892578,22.234508514404297,22.337324142456055,22.48086166381836,22.62318992614746,22.717926025390625,22.75438117980957,22.752166748046875,22.75240135192871,22.798368453979492,22.894411087036133,23.03492546081543
19.16530418395996,19.06557846069336,18.829227447509766,19.236560821533203,19.177040100097656,19.53943634033203,19.720876693725586,20.159364700317383,20.54811668395996,20.903810501098633,21.277217864990234,21.704511642456055,22.10363006591797,22.414142608642578,22.629871368408203,22.760339736938477,22.75279998779297,22.634838104248047,22.494861602783203,22.419240951538086,22.389991760253906,22.41562843322754,22.503263473510742,22.632537841796875,22.68467140197754,22.64458465576172,22.558799743652344,22.459871292114258,22.320953369140625,22.156295776367188,22.037492752075195,22.002899169921875,22.049301147460938,22.174644470214844,22.31595230102539,22.39946937561035,22.394193649291992,22.369564056396484,22.398197174072266,22.502710342407227,22.657392501831055,22.86148452758789,23.0447998046875
