DATA/HARM750/wind130m_forecast_202202170000_HARM750_WFP_DT.json
{"header": {"parameterCategory": 2, "parameterNumber": 2, "lo1": 2.5592522500000006, "la1": 51.349378259999995, "dx": 0.01049999999999951, "dy": 0.010500000000007503, "nx": 64, "ny": 52, "refTime": "2022-02-17T00:00:00.000000000"}, "data":
[rows 19 to 37 of 52, columns 0 to 42 of 64]
2.5893049240112305,2.606779098510742,2.6248226165771484,2.642340898513794,2.658831834793091,2.6751909255981445,2.6902225017547607,2.70454478263855,2.7186245918273926,2.7314789295196533,2.7440786361694336,2.7565109729766846,2.7698159217834473,2.782533645629883,2.7973806858062744,2.8104896545410156,2.826478958129883,2.842400550842285,2.8595335483551025,2.877615213394165,2.89630126953125,2.9182183742523193,2.9401097297668457,2.9656145572662354,2.9916698932647705,3.019015073776245,3.047492265701294,3.0763051509857178,3.1058731079101562,3.136756181716919,3.1672444343566895,3.1977720260620117,3.229752779006958,3.2618329524993896,3.2936465740203857,3.3264379501342773,3.358360767364502,3.390254497528076,3.421933650970459,3.4526407718658447,3.483914375305176,3.5147061347961426,3.5466184616088867
2.623924493789673,2.643045663833618,2.6612465381622314,2.6787219047546387,2.695949077606201,2.712553024291992,2.7282283306121826,2.743748903274536,2.7576100826263428,2.7719099521636963,2.7857327461242676,2.7994136810302734,2.8123209476470947,2.8274145126342773,2.83931040763855,2.8562610149383545,2.8679027557373047,2.8858447074890137,2.898972511291504,2.91866397857666,2.9344968795776367,2.953792095184326,2.97286319732666,2.995358467102051,3.0175840854644775,3.042776346206665,3.0676491260528564,3.0938849449157715,3.1215057373046875,3.149279832839966,3.1777400970458984,3.2072267532348633,3.2368478775024414,3.2670257091522217,3.2978997230529785,3.328413486480713,3.358999252319336,3.3896450996398926,3.419416904449463,3.4487154483795166,3.4775547981262207,3.5065550804138184,3.5353875160217285
2.6438939571380615,2.663865089416504,2.683922529220581,2.7032997608184814,2.7214548587799072,2.7403159141540527,2.7571499347686768,2.7735915184020996,2.787667989730835,2.8045170307159424,2.815899133682251,2.833620548248291,2.844054937362671,2.8604869842529297,2.871537446975708,2.887007713317871,2.8989322185516357,2.9138436317443848,2.927126407623291,2.9440183639526367,2.958657741546631,2.9771740436553955,2.9936039447784424,3.0151543617248535,3.0354323387145996,3.0581297874450684,3.0805556774139404,3.105587959289551,3.1295859813690186,3.156107187271118,3.1828956604003906,3.209977149963379,3.237989664077759,3.2662651538848877,3.295011281967163,3.3238463401794434,3.3535776138305664,3.382549524307251,3.4112026691436768,3.438631057739258,3.466019630432129,3.494333028793335,3.5203778743743896
2.6486244201660156,2.6698668003082275,2.6900975704193115,2.7107136249542236,2.7301535606384277,2.750157356262207,2.7670438289642334,2.7867939472198486,2.8019163608551025,2.819437265396118,2.8349246978759766,2.8505747318267822,2.865551233291626,2.8811745643615723,2.8947091102600098,2.9095380306243896,2.921250104904175,2.9371371269226074,2.9488508701324463,2.9641852378845215,2.977144956588745,2.9930145740509033,3.009085178375244,3.0275232791900635,3.045564651489258,3.0668413639068604,3.0870018005371094,3.1085519790649414,3.131835460662842,3.155853748321533,3.179853916168213,3.2054200172424316,3.2319748401641846,3.2584567070007324,3.285893440246582,3.3131020069122314,3.341115713119507,3.3686084747314453,3.395808219909668,3.421459674835205,3.4478979110717773,3.4724628925323486,3.499406099319458
2.638225793838501,2.660151720046997,2.6819169521331787,2.7034549713134766,2.7242848873138428,2.744739294052124,2.7657546997070312,2.7832229137420654,2.803248882293701,2.820129632949829,2.837357521057129,2.8543097972869873,2.8705241680145264,2.8863730430603027,2.9019787311553955,2.9150705337524414,2.9288785457611084,2.9415640830993652,2.955517292022705,2.968822717666626,2.982236385345459,2.9968080520629883,3.0113465785980225,3.0279667377471924,3.045910120010376,3.0635623931884766,3.0830254554748535,3.1032183170318604,3.1231024265289307,3.1441588401794434,3.1669504642486572,3.190925359725952,3.21561598777771,3.241173505783081,3.266798257827759,3.2933037281036377,3.3197906017303467,3.345738172531128,3.372892379760742,3.3970119953155518,3.4228012561798096,3.4465603828430176,3.4724936485290527
2.6169729232788086,2.638807535171509,2.661641836166382,2.681925058364868,2.704695463180542,2.7244489192962646,2.7458977699279785,2.7655656337738037,2.7850117683410645,2.802936315536499,2.8230702877044678,2.8391098976135254,2.8589413166046143,2.873959541320801,2.8920767307281494,2.905250072479248,2.9207451343536377,2.9331629276275635,2.947310209274292,2.9600400924682617,2.975356340408325,2.9874374866485596,3.003139019012451,3.0180318355560303,3.0338993072509766,3.0510029792785645,3.0687804222106934,3.086697578430176,3.1052417755126953,3.124913215637207,3.1449387073516846,3.167405128479004,3.189992666244507,3.2136306762695312,3.2372944355010986,3.2617995738983154,3.2858762741088867,3.3110404014587402,3.334239959716797,3.359001636505127,3.381542205810547,3.407168388366699,3.4295461177825928
2.579420566558838,2.6016902923583984,2.6248486042022705,2.6472833156585693,2.6697304248809814,2.6916589736938477,2.7142083644866943,2.73404598236084,2.7567126750946045,2.775578022003174,2.7972640991210938,2.815019369125366,2.8349101543426514,2.851065158843994,2.8697266578674316,2.8833937644958496,2.899526357650757,2.9114990234375,2.9265823364257812,2.939023733139038,2.9528110027313232,2.9668452739715576,2.9807989597320557,2.99433970451355,3.009592294692993,3.024745464324951,3.040334939956665,3.057359457015991,3.0744259357452393,3.093555450439453,3.112320899963379,3.133908748626709,3.154984712600708,3.178807497024536,3.199702501296997,3.2254245281219482,3.247211456298828,3.273369550704956,3.2943623065948486,3.32045578956604,3.340040445327759,3.3652336597442627,3.3872148990631104
2.534529685974121,2.557020425796509,2.579716205596924,2.6009275913238525,2.6241626739501953,2.6447670459747314,2.6675758361816406,2.6875972747802734,2.710139751434326,2.7305362224578857,2.751710891723633,2.7704918384552,2.7913811206817627,2.8096859455108643,2.8289058208465576,2.845431089401245,2.861358404159546,2.8765852451324463,2.8912625312805176,2.9054577350616455,2.9205856323242188,2.9342260360717773,2.948842763900757,2.9638569355010986,2.9775290489196777,2.991840362548828,3.0068562030792236,3.0227036476135254,3.038196086883545,3.0554187297821045,3.072277545928955,3.092916965484619,3.110478162765503,3.132965087890625,3.1524767875671387,3.1755998134613037,3.1957011222839355,3.2200634479522705,3.241842031478882,3.2649519443511963,3.2876393795013428,3.3112094402313232,3.3327372074127197
2.478508234024048,2.500908613204956,2.5234477519989014,2.5467989444732666,2.5687575340270996,2.591905117034912,2.6136996746063232,2.6367883682250977,2.6585047245025635,2.678663969039917,2.699896812438965,2.7198479175567627,2.738987445831299,2.758434295654297,2.7762131690979004,2.7929651737213135,2.80930495262146,2.8238964080810547,2.8392086029052734,2.854081630706787,2.8679633140563965,2.88224720954895,2.896639347076416,2.910534620285034,2.9255518913269043,2.9410548210144043,2.9561564922332764,2.972785711288452,2.98848557472229,3.005911350250244,3.02315616607666,3.041975975036621,3.062652826309204,3.082263946533203,3.1042230129241943,3.1247708797454834,3.147218942642212,3.168139696121216,3.1890339851379395,3.2117764949798584,3.231825113296509,3.2538275718688965,3.2751846313476562
2.4144186973571777,2.436192750930786,2.4583427906036377,2.47902774810791,2.5005507469177246,2.522245168685913,2.543351650238037,2.563983201980591,2.5849108695983887,2.6076841354370117,2.6276471614837646,2.6493942737579346,2.6702699661254883,2.6900017261505127,2.710073709487915,2.728609323501587,2.7458412647247314,2.763273239135742,2.7799251079559326,2.795625686645508,2.8120365142822266,2.827362298965454,2.8416285514831543,2.856349468231201,2.8707756996154785,2.8853862285614014,2.9010331630706787,2.915041208267212,2.9318408966064453,2.946354866027832,2.9638524055480957,2.9811291694641113,3.000073194503784,3.019287109375,3.0393295288085938,3.059666633605957,3.0806398391723633,3.102130889892578,3.124929189682007,3.1457226276397705,3.168375015258789,3.1904654502868652,3.212749481201172
2.3453683853149414,2.366940498352051,2.3890230655670166,2.4113850593566895,2.4336423873901367,2.4544589519500732,2.4751429557800293,2.4950110912323,2.5163145065307617,2.5351874828338623,2.556257724761963,2.574847936630249,2.5943496227264404,2.614461898803711,2.6327426433563232,2.6507372856140137,2.668421745300293,2.6851065158843994,2.701528787612915,2.7182745933532715,2.734172821044922,2.7505345344543457,2.768158435821533,2.7842679023742676,2.8012824058532715,2.8168630599975586,2.8339219093322754,2.850212335586548,2.8671157360076904,2.884376287460327,2.902334451675415,2.920844554901123,2.9404571056365967,2.959293842315674,2.979395627975464,2.997797727584839,3.018308639526367,3.0383286476135254,3.0586235523223877,3.079213857650757,3.1002705097198486,3.120706558227539,3.1424167156219482
2.265880584716797,2.28533673286438,2.307155132293701,2.326359510421753,2.3473188877105713,2.3665082454681396,2.388275384902954,2.4088857173919678,2.4294395446777344,2.4506354331970215,2.4704842567443848,2.491344928741455,2.5119235515594482,2.531092643737793,2.5514721870422363,2.571277618408203,2.58945369720459,2.6083288192749023,2.626117706298828,2.642627477645874,2.659663677215576,2.67629337310791,2.692556858062744,2.7093467712402344,2.7249581813812256,2.741551160812378,2.7572507858276367,2.7740988731384277,2.790654182434082,2.807943820953369,2.824882984161377,2.8432583808898926,2.8624982833862305,2.882302761077881,2.902381420135498,2.923794746398926,2.9450957775115967,2.965837240219116,2.988119602203369,3.009542465209961,3.0318150520324707,3.053622245788574,3.0763509273529053
2.1894919872283936,2.210263252258301,2.2314422130584717,2.250136613845825,2.269301176071167,2.288762331008911,2.307676315307617,2.3265016078948975,2.345688819885254,2.3641164302825928,2.3831729888916016,2.401477813720703,2.4192967414855957,2.437974452972412,2.455660343170166,2.4729909896850586,2.4915740489959717,2.5095748901367188,2.5280706882476807,2.5479087829589844,2.5661861896514893,2.586240291595459,2.6043460369110107,2.623617649078369,2.641308307647705,2.6605582237243652,2.678354501724243,2.6974897384643555,2.7165963649749756,2.735522508621216,2.7535645961761475,2.7724709510803223,2.7906739711761475,2.810577392578125,2.830421209335327,2.8497915267944336,2.870025634765625,2.8915371894836426,2.912057638168335,2.9329230785369873,2.954399347305298,2.9759998321533203,2.9977269172668457
2.097460985183716,2.1167585849761963,2.136777400970459,2.157261610031128,2.1776416301727295,2.1963047981262207,2.216618061065674,2.2359254360198975,2.2551002502441406,2.2743682861328125,2.2935924530029297,2.3119444847106934,2.3316078186035156,2.3500478267669678,2.3681559562683105,2.386789321899414,2.404047966003418,2.422938823699951,2.4406824111938477,2.4588816165924072,2.4774274826049805,2.49564790725708,2.51416015625,2.53290057182312,2.5504391193389893,2.5687713623046875,2.5869908332824707,2.606699228286743,2.6239545345306396,2.6446192264556885,2.6641383171081543,2.6849966049194336,2.7056636810302734,2.727236747741699,2.7479093074798584,2.7703583240509033,2.7920498847961426,2.8144845962524414,2.8370347023010254,2.86022686958313,2.88299822807312,2.9054160118103027,2.927427291870117
2.017620325088501,2.036808490753174,2.055687189102173,2.074366569519043,2.09304141998291,2.1110246181488037,2.1291158199310303,2.14644193649292,2.164217472076416,2.1803596019744873,2.197263240814209,2.2143547534942627,2.2305238246917725,2.247410774230957,2.264641761779785,2.283008337020874,2.302553653717041,2.3220503330230713,2.3419065475463867,2.3624088764190674,2.3815438747406006,2.4028124809265137,2.422471284866333,2.443819284439087,2.4634783267974854,2.485011339187622,2.5041215419769287,2.523616313934326,2.543447971343994,2.5630128383636475,2.582005023956299,2.60296630859375,2.6220531463623047,2.642979145050049,2.6631855964660645,2.684800863265991,2.7056190967559814,2.727245569229126,2.748619318008423,2.7710695266723633,2.7942967414855957,2.8178136348724365,2.8427109718322754
1.9242985248565674,1.9445985555648804,1.964771032333374,1.9840104579925537,2.00396990776062,2.022996664047241,2.042480230331421,2.0611531734466553,2.0781946182250977,2.0962743759155273,2.1138710975646973,2.130052089691162,2.1466193199157715,2.162813186645508,2.178999423980713,2.195802927017212,2.213593006134033,2.2320950031280518,2.250051736831665,2.2689170837402344,2.2878682613372803,2.306985855102539,2.3253333568573,2.3459625244140625,2.364291191101074,2.3847382068634033,2.4033873081207275,2.425586700439453,2.444685935974121,2.4673216342926025,2.488476037979126,2.5102384090423584,2.5318801403045654,2.5545437335968018,2.576638698577881,2.599212884902954,2.622126340866089,2.645939588546753,2.669137954711914,2.69197154045105,2.7157695293426514,2.739877700805664,2.764866352081299
1.8425300121307373,1.861272931098938,1.880303144454956,1.8993175029754639,1.9172344207763672,1.9354593753814697,1.9530290365219116,1.9702811241149902,1.9872418642044067,2.0024359226226807,2.017509698867798,2.0337300300598145,2.0495872497558594,2.0660130977630615,2.0830726623535156,2.100593328475952,2.1189985275268555,2.138409376144409,2.1579062938690186,2.1777913570404053,2.1976699829101562,2.2185535430908203,2.239398956298828,2.259917974472046,2.2786710262298584,2.298823356628418,2.318264961242676,2.3379998207092285,2.357489585876465,2.377736806869507,2.3974125385284424,2.4187169075012207,2.438662052154541,2.4598188400268555,2.4805245399475098,2.502350330352783,2.5245652198791504,2.5469939708709717,2.571002721786499,2.59592866897583,2.6235954761505127,2.6487789154052734,2.6767709255218506
1.7551932334899902,1.7763539552688599,1.7957820892333984,1.8157247304916382,1.835707187652588,1.8545421361923218,1.8735014200210571,1.8922051191329956,1.909231424331665,1.9245885610580444,1.9393863677978516,1.9542725086212158,1.9685932397842407,1.9838727712631226,1.9982608556747437,2.0142085552215576,2.0303351879119873,2.0484964847564697,2.06546688079834,2.0848846435546875,2.1022064685821533,2.1224896907806396,2.140474319458008,2.160595178604126,2.1803648471832275,2.200951337814331,2.2207233905792236,2.242119789123535,2.2628159523010254,2.2840499877929688,2.305485486984253,2.3276214599609375,2.3492350578308105,2.3714075088500977,2.3939003944396973,2.4167897701263428,2.439176559448242,2.4611692428588867,2.4848036766052246,2.5092833042144775,2.5351064205169678,2.5617616176605225,2.5888335704803467
1.6766579151153564,1.6950453519821167,1.7149075269699097,1.733373761177063,1.7518231868743896,1.7707979679107666,1.7887080907821655,1.8058483600616455,1.8218854665756226,1.8385123014450073,1.8536462783813477,1.869352102279663,1.8847689628601074,1.9007618427276611,1.9158270359039307,1.9323804378509521,1.9492002725601196,1.96879243850708,1.9856362342834473,2.0064730644226074,2.0246658325195312,2.0437707901000977,2.0615029335021973,2.081401824951172,2.098625421524048,2.117313861846924,2.1349024772644043,2.1538548469543457,2.172165632247925,2.191922187805176,2.211500406265259,2.2306413650512695,2.2503104209899902,2.2700493335723877,2.2906224727630615,2.3119499683380127,2.3344109058380127,2.3593790531158447,2.3833067417144775,2.409895896911621,2.4376018047332764,2.4677278995513916,2.495605230331421
