DATA/HARM750/wind130m_forecast_202202170000_HARM750_WFP_DT.json
{"header": {"parameterCategory": 2, "parameterNumber": 2, "lo1": 2.2127522500000008, "la1": 52.23137826, "dx": 0.020999999999999908, "dy": 0.021000000000000796, "nx": 66, "ny": 60, "refTime": "2022-02-17T00:00:00.000000000"}, "data":
[rows 40 to 59 of 60, columns 0 to 42 of 66]
21.64643669128418,21.69270896911621,21.736331939697266,21.785703659057617,21.83578872680664,21.886194229125977,21.930513381958008,21.971839904785156,22.009380340576172,22.0435733795166,22.081533432006836,22.117738723754883,22.15679931640625,22.206743240356445,22.263771057128906,22.327316284179688,22.39954376220703,22.47651481628418,22.560558319091797,22.650047302246094,22.73418426513672,22.81412696838379,22.89352035522461,22.96685218811035,23.03460693359375,23.09793472290039,23.149057388305664,23.18888282775879,23.217439651489258,23.236515045166016,23.24725341796875,23.25447654724121,23.266225814819336,23.27137565612793,23.271472930908203,23.269039154052734,23.26394271850586,23.25674057006836,23.241283416748047,23.212038040161133,23.17176628112793,23.130399703979492,23.086013793945312
20.829212188720703,20.876693725585938,20.9218807220459,20.963708877563477,21.00688934326172,21.05290412902832,21.101402282714844,21.146549224853516,21.189355850219727,21.23215675354004,21.278722763061523,21.330242156982422,21.395708084106445,21.466718673706055,21.541685104370117,21.621944427490234,21.713714599609375,21.8102970123291,21.9095401763916,22.010663986206055,22.114957809448242,22.21354103088379,22.309890747070312,22.400339126586914,22.484172821044922,22.561302185058594,22.63031005859375,22.688249588012695,22.728233337402344,22.761104583740234,22.785724639892578,22.805376052856445,22.819772720336914,22.830543518066406,22.83428382873535,22.83490562438965,22.830062866210938,22.818389892578125,22.802034378051758,22.773746490478516,22.734474182128906,22.6882381439209,22.64341926574707
19.982255935668945,20.02979850769043,20.074703216552734,20.11688804626465,20.15616226196289,20.19580841064453,20.237119674682617,20.289438247680664,20.338960647583008,20.395816802978516,20.456714630126953,20.524600982666016,20.61056900024414,20.708776473999023,20.813373565673828,20.915525436401367,21.023094177246094,21.13686752319336,21.250980377197266,21.36495018005371,21.472461700439453,21.579816818237305,21.68816566467285,21.792879104614258,21.889230728149414,21.977903366088867,22.05929946899414,22.131635665893555,22.19529914855957,22.244457244873047,22.2812442779541,22.307836532592773,22.325393676757812,22.33297348022461,22.332504272460938,22.328956604003906,22.32305908203125,22.30744171142578,22.28656768798828,22.259225845336914,22.225345611572266,22.19047737121582,22.14786148071289
19.198266983032227,19.244373321533203,19.287395477294922,19.32968521118164,19.368637084960938,19.408151626586914,19.451448440551758,19.498714447021484,19.559965133666992,19.63259506225586,19.714797973632812,19.804540634155273,19.90889549255371,20.023555755615234,20.141822814941406,20.267475128173828,20.39393424987793,20.51582145690918,20.639169692993164,20.758609771728516,20.873682022094727,20.983362197875977,21.08831024169922,21.196998596191406,21.302825927734375,21.399015426635742,21.488998413085938,21.56928253173828,21.642621994018555,21.704050064086914,21.752864837646484,21.781702041625977,21.80026626586914,21.809202194213867,21.80670738220215,21.796892166137695,21.786144256591797,21.772018432617188,21.747159957885742,21.722698211669922,21.694427490234375,21.66428565979004,21.635379791259766
18.547657012939453,18.593780517578125,18.638395309448242,18.677600860595703,18.71620750427246,18.759248733520508,18.80864906311035,18.865413665771484,18.937442779541016,19.021787643432617,19.121484756469727,19.23102378845215,19.349374771118164,19.473201751708984,19.602270126342773,19.732013702392578,19.864070892333984,19.991830825805664,20.118059158325195,20.235145568847656,20.348108291625977,20.45720100402832,20.560382843017578,20.66093635559082,20.760713577270508,20.85753059387207,20.947982788085938,21.030529022216797,21.102819442749023,21.166534423828125,21.21787452697754,21.255760192871094,21.27138900756836,21.278518676757812,21.273815155029297,21.263057708740234,21.244468688964844,21.224105834960938,21.20720672607422,21.18639373779297,21.1700496673584,21.154809951782227,21.142253875732422
18.116018295288086,18.152681350708008,18.19195556640625,18.23490333557129,18.278947830200195,18.32848358154297,18.387638092041016,18.457305908203125,18.543371200561523,18.643287658691406,18.750783920288086,18.866186141967773,18.98978614807129,19.115558624267578,19.24350357055664,19.37181854248047,19.49413299560547,19.614347457885742,19.72760772705078,19.837488174438477,19.940643310546875,20.040483474731445,20.132633209228516,20.221446990966797,20.30728530883789,20.38718032836914,20.462804794311523,20.534635543823242,20.59579849243164,20.64866828918457,20.692081451416016,20.721477508544922,20.74418067932129,20.749361038208008,20.74689292907715,20.736663818359375,20.726049423217773,20.709434509277344,20.69331932067871,20.715478897094727,20.793832778930664,20.708148956298828,20.645261764526367
17.92087173461914,17.958986282348633,17.998329162597656,18.03727912902832,18.087860107421875,18.144588470458984,18.21370506286621,18.29306983947754,18.392242431640625,18.501331329345703,18.61643409729004,18.73518180847168,18.849472045898438,18.962743759155273,19.075441360473633,19.183738708496094,19.285411834716797,19.383798599243164,19.47600746154785,19.56675148010254,19.655471801757812,19.738569259643555,19.812753677368164,19.877403259277344,19.940326690673828,19.995901107788086,20.044696807861328,20.087814331054688,20.130666732788086,20.16319465637207,20.191383361816406,20.21023941040039,20.220911026000977,20.228925704956055,20.229900360107422,20.22652244567871,20.216045379638672,20.252267837524414,20.34223175048828,20.284727096557617,20.221445083618164,20.1982479095459,20.186246871948242
17.987018585205078,18.023853302001953,18.063085556030273,18.109046936035156,18.164953231811523,18.233903884887695,18.30961799621582,18.39801025390625,18.49833106994629,18.60652732849121,18.717670440673828,18.82412338256836,18.920339584350586,19.010038375854492,19.09488868713379,19.1732234954834,19.25014305114746,19.32000732421875,19.384586334228516,19.44422149658203,19.502729415893555,19.553964614868164,19.59868049621582,19.63333511352539,19.661331176757812,19.684677124023438,19.698463439941406,19.706796646118164,19.711654663085938,19.717369079589844,19.71888542175293,19.722286224365234,19.72093391418457,19.723041534423828,19.73546600341797,19.80619239807129,19.811735153198242,19.77495765686035,19.753774642944336,19.74250602722168,19.7436580657959,19.7456111907959,19.738548278808594
18.30341339111328,18.343929290771484,18.382728576660156,18.42938995361328,18.495784759521484,18.56973648071289,18.649887084960938,18.733945846557617,18.825927734375,18.915447235107422,19.00673484802246,19.091371536254883,19.15800666809082,19.217378616333008,19.267017364501953,19.31429672241211,19.358652114868164,19.396385192871094,19.427371978759766,19.453996658325195,19.475053787231445,19.4904727935791,19.4954891204834,19.49003791809082,19.47134780883789,19.448406219482422,19.414766311645508,19.381032943725586,19.349611282348633,19.31947898864746,19.292264938354492,19.274078369140625,19.305707931518555,19.43808364868164,19.41129493713379,19.35791778564453,19.320425033569336,19.296947479248047,19.285320281982422,19.295984268188477,19.307037353515625,19.327322006225586,19.318660736083984
18.81866455078125,18.858001708984375,18.904186248779297,18.948450088500977,19.015193939208984,19.082904815673828,19.15633773803711,19.232812881469727,19.30538558959961,19.37350845336914,19.43596076965332,19.482765197753906,19.512950897216797,19.53301239013672,19.544780731201172,19.554195404052734,19.565763473510742,19.571149826049805,19.567428588867188,19.554405212402344,19.532974243164062,19.503353118896484,19.4615421295166,19.40185546875,19.33344841003418,19.257450103759766,19.179168701171875,19.101747512817383,19.040376663208008,18.978912353515625,18.95174789428711,18.953144073486328,18.89215850830078,18.880390167236328,18.88699722290039,18.862302780151367,18.857803344726562,18.860322952270508,18.889142990112305,18.887042999267578,18.899005889892578,18.922094345092773,18.952163696289062
19.500232696533203,19.528409957885742,19.560165405273438,19.601266860961914,19.65888214111328,19.716053009033203,19.769821166992188,19.824859619140625,19.87102699279785,19.909648895263672,19.932750701904297,19.937654495239258,19.924564361572266,19.902328491210938,19.876157760620117,19.849641799926758,19.825119018554688,19.793487548828125,19.75152587890625,19.695737838745117,19.625730514526367,19.54210090637207,19.449230194091797,19.334861755371094,19.213584899902344,19.089540481567383,18.97314453125,18.876317977905273,18.83768081665039,18.738849639892578,18.619487762451172,18.556798934936523,18.5112247467041,18.484329223632812,18.48016357421875,18.458087921142578,18.451894760131836,18.471691131591797,18.551183700561523,18.56781578063965,18.593706130981445,18.722314834594727,18.772069931030273
20.2504825592041,20.257823944091797,20.268264770507812,20.287744522094727,20.32334327697754,20.35931396484375,20.39319610595703,20.41357421875,20.425580978393555,20.42638397216797,20.41486167907715,20.383020401000977,20.332223892211914,20.273040771484375,20.20416259765625,20.141311645507812,20.075336456298828,20.00371551513672,19.91864013671875,19.814970016479492,19.694162368774414,19.563217163085938,19.415578842163086,19.2562198638916,19.094396591186523,18.971811294555664,18.886281967163086,18.689218521118164,18.530517578125,18.426956176757812,18.340147018432617,18.26773452758789,18.202068328857422,18.152725219726562,18.124176025390625,18.139812469482422,18.18711280822754,18.177812576293945,18.21087646484375,18.378828048706055,18.520675659179688,18.596269607543945,18.61844825744629
20.98026466369629,20.953323364257812,20.93227195739746,20.918813705444336,20.919292449951172,20.921188354492188,20.920196533203125,20.91148567199707,20.893047332763672,20.859800338745117,20.811513900756836,20.745100021362305,20.665328979492188,20.572126388549805,20.469940185546875,20.366239547729492,20.262784957885742,20.14948081970215,20.025545120239258,19.868709564208984,19.700990676879883,19.519229888916016,19.3925838470459,19.3144474029541,19.13016700744629,18.800325393676758,18.63520622253418,18.432960510253906,18.293190002441406,18.18571662902832,18.09200096130371,18.003755569458008,17.930339813232422,17.8724422454834,17.830913543701172,17.79383087158203,17.77926254272461,17.799842834472656,17.862789154052734,17.969127655029297,18.100940704345703,18.343793869018555,18.509666442871094
21.585731506347656,21.523420333862305,21.460433959960938,21.409473419189453,21.373720169067383,21.33839988708496,21.299816131591797,21.255023956298828,21.201271057128906,21.13861083984375,21.059202194213867,20.965553283691406,20.855348587036133,20.734949111938477,20.602947235107422,20.469268798828125,20.33289909362793,20.1832218170166,20.014659881591797,19.851221084594727,19.839242935180664,19.614206314086914,19.345294952392578,19.044198989868164,18.75495147705078,18.535842895507812,18.354904174804688,18.200519561767578,18.07307243347168,17.956907272338867,17.859241485595703,17.766260147094727,17.6833438873291,17.615875244140625,17.569475173950195,17.570077896118164,17.616127014160156,17.661846160888672,17.75920867919922,17.929973602294922,18.090303421020508,18.32819938659668,18.749332427978516
21.977523803710938,21.884366989135742,21.79168128967285,21.702991485595703,21.62959861755371,21.560504913330078,21.488025665283203,21.409021377563477,21.32366943359375,21.229164123535156,21.124046325683594,21.0007266998291,20.867937088012695,20.723955154418945,20.567440032958984,20.409393310546875,20.249792098999023,20.174795150756836,20.188438415527344,19.928537368774414,19.592674255371094,19.251075744628906,18.9865665435791,18.74852752685547,18.512571334838867,18.30914306640625,18.13321304321289,17.986730575561523,17.862821578979492,17.753061294555664,17.648971557617188,17.54616355895996,17.47239875793457,17.4342098236084,17.42787742614746,17.44120216369629,17.538116455078125,17.65700912475586,17.80258560180664,18.09776496887207,18.429189682006836,18.71019744873047,18.642126083374023
22.114459991455078,21.992284774780273,21.869461059570312,21.75360870361328,21.650014877319336,21.550823211669922,21.450742721557617,21.34600830078125,21.230405807495117,21.10840606689453,20.978166580200195,20.831905364990234,20.6762752532959,20.549989700317383,20.448654174804688,20.32941246032715,20.137094497680664,19.88507080078125,19.691612243652344,19.427677154541016,19.18246841430664,18.99090576171875,18.782752990722656,18.51548957824707,18.295164108276367,18.094341278076172,17.925111770629883,17.790292739868164,17.667743682861328,17.567241668701172,17.46411895751953,17.37019157409668,17.359603881835938,17.403316497802734,17.56270980834961,17.641979217529297,17.621824264526367,17.809648513793945,18.30593490600586,18.576374053955078,18.406171798706055,18.30262565612793,18.36572265625
22.005002975463867,21.858535766601562,21.712831497192383,21.57390022277832,21.446638107299805,21.327178955078125,21.219959259033203,21.07280921936035,20.935640335083008,20.833637237548828,20.772174835205078,20.641132354736328,20.435123443603516,20.184709548950195,19.989187240600586,19.843814849853516,19.654802322387695,19.433063507080078,19.201000213623047,19.017744064331055,18.819686889648438,18.630725860595703,18.436080932617188,18.24106788635254,18.058517456054688,17.910982131958008,17.747365951538086,17.618698120117188,17.509641647338867,17.412012100219727,17.31458282470703,17.22564697265625,17.188251495361328,17.236644744873047,17.345035552978516,17.411333084106445,17.425453186035156,17.456417083740234,17.61726188659668,17.673683166503906,17.634048461914062,17.72966957092285,17.83076286315918
21.71546745300293,21.584888458251953,21.460487365722656,21.34404754638672,21.254552841186523,21.022592544555664,20.868635177612305,20.730554580688477,20.627849578857422,20.422927856445312,20.207996368408203,19.99039077758789,19.790767669677734,19.594255447387695,19.40410804748535,19.21932601928711,19.04068374633789,18.880584716796875,18.726346969604492,18.57648277282715,18.431459426879883,18.27646255493164,18.12590217590332,17.96207618713379,17.823427200317383,17.685190200805664,17.559030532836914,17.457027435302734,17.366092681884766,17.285341262817383,17.2127628326416,17.24248504638672,17.248083114624023,17.074357986450195,17.019611358642578,17.055744171142578,17.16139030456543,17.253814697265625,17.333559036254883,17.40120506286621,17.436229705810547,17.54922103881836,17.662763595581055
21.254634857177734,21.039159774780273,20.91295623779297,20.761110305786133,20.572574615478516,20.38132095336914,20.23194694519043,20.07377052307129,19.930017471313477,19.70071029663086,19.493412017822266,19.33601188659668,19.14232635498047,18.958650588989258,18.788122177124023,18.62799835205078,18.48021125793457,18.34809684753418,18.260705947875977,18.227046966552734,18.20743179321289,18.089231491088867,17.90300750732422,17.749778747558594,17.682668685913086,17.476030349731445,17.37594985961914,17.303911209106445,17.24662208557129,17.19833755493164,17.154678344726562,17.175588607788086,17.487205505371094,17.734996795654297,17.360288619995117,17.17247200012207,17.188159942626953,17.3145809173584,17.607921600341797,17.578693389892578,17.57973289489746,17.661420822143555,17.77863883972168
20.698158264160156,20.453550338745117,20.23588752746582,20.095844268798828,19.9137020111084,19.663728713989258,19.50547981262207,19.324331283569336,19.137313842773438,18.994413375854492,18.809059143066406,18.62139892578125,18.454511642456055,18.3035945892334,18.162538528442383,18.057369232177734,17.92633628845215,17.84754180908203,17.795385360717773,17.803802490234375,17.805635452270508,17.810009002685547,17.663511276245117,17.686010360717773,17.518335342407227,17.259227752685547,17.194616317749023,17.1643009185791,17.1401309967041,17.122669219970703,17.115198135375977,17.141050338745117,17.332578659057617,17.672653198242188,17.850072860717773,17.720203399658203,17.668161392211914,17.6214599609375,17.56402015686035,17.68128204345703,17.880855560302734,18.007884979248047,18.07329559326172
