DATA/HARM750/wind130m_forecast_202202170000_HARM750_WFP_DT.json
{"header": {"parameterCategory": 2, "parameterNumber": 3, "lo1": 2.2127522500000008, "la1": 52.23137826, "dx": 0.020999999999999908, "dy": 0.021000000000000796, "nx": 66, "ny": 60, "refTime": "2022-02-17T00:00:00.000000000"}, "data":
[rows 20 to 39 of 60, columns 0 to 43 of 66]
0.9641360640525818,0.9737303853034973,0.984977126121521,0.997730553150177,1.0101491212844849,1.0221372842788696,1.0334604978561401,1.044111967086792,1.0553786754608154,1.0650871992111206,1.0713634490966797,1.0781848430633545,1.088448166847229,1.1040350198745728,1.1242499351501465,1.1486761569976807,1.1750315427780151,1.2039225101470947,1.2343015670776367,1.2659932374954224,1.298342227935791,1.3280041217803955,1.3575553894042969,1.3884270191192627,1.4200857877731323,1.454282522201538,1.4900670051574707,1.5260300636291504,1.5611778497695923,1.5928229093551636,1.6219103336334229,1.6508023738861084,1.6796224117279053,1.7051067352294922,1.7321618795394897,1.7619469165802002,1.7973177433013916,1.8410686254501343,1.8917754888534546,1.9495991468429565,2.013547658920288,2.086141586303711,2.1614673137664795,2.241823434829712
1.0872249603271484,1.097139835357666,1.1085201501846313,1.1203436851501465,1.1316708326339722,1.1424232721328735,1.1502292156219482,1.1584488153457642,1.1661893129348755,1.1718379259109497,1.1777507066726685,1.185688853263855,1.1979737281799316,1.2175709009170532,1.2444939613342285,1.2748771905899048,1.3085923194885254,1.3418419361114502,1.3771262168884277,1.4120268821716309,1.4463658332824707,1.4768458604812622,1.5058631896972656,1.535145878791809,1.56333589553833,1.5961616039276123,1.6302989721298218,1.6640909910202026,1.6977461576461792,1.7289193868637085,1.7587015628814697,1.7863725423812866,1.816191554069519,1.8426530361175537,1.8705092668533325,1.9039398431777954,1.9426606893539429,1.9930448532104492,2.052114725112915,2.1174888610839844,2.1885361671447754,2.2643704414367676,2.344658136367798,2.423276901245117
1.212742805480957,1.2214670181274414,1.2312922477722168,1.2396217584609985,1.2484287023544312,1.2549052238464355,1.2594996690750122,1.263887882232666,1.269519567489624,1.2747395038604736,1.2817639112472534,1.2923460006713867,1.3077481985092163,1.3328619003295898,1.3643702268600464,1.4000996351242065,1.4390015602111816,1.4783741235733032,1.516061782836914,1.5531266927719116,1.588685393333435,1.6202572584152222,1.6481717824935913,1.6758983135223389,1.7035503387451172,1.7341065406799316,1.7687910795211792,1.8039013147354126,1.8390916585922241,1.8723623752593994,1.9051954746246338,1.9386860132217407,1.970749855041504,2.0028696060180664,2.0365397930145264,2.07600474357605,2.1198172569274902,2.176011562347412,2.2361485958099365,2.303386926651001,2.373696804046631,2.445204973220825,2.5169403553009033,2.5890443325042725
1.3363592624664307,1.3418203592300415,1.3477776050567627,1.3527586460113525,1.3589670658111572,1.3629286289215088,1.3666452169418335,1.3720237016677856,1.3791782855987549,1.387146234512329,1.3975340127944946,1.4126739501953125,1.4323769807815552,1.4620561599731445,1.498225212097168,1.537950873374939,1.5798202753067017,1.6212868690490723,1.6611220836639404,1.7002272605895996,1.7364425659179688,1.7668215036392212,1.7960683107376099,1.824189305305481,1.8526722192764282,1.8848474025726318,1.9197968244552612,1.955746054649353,1.9924284219741821,2.0297462940216064,2.066869020462036,2.1055028438568115,2.145657539367676,2.1838583946228027,2.2231106758117676,2.2653865814208984,2.3135664463043213,2.3679239749908447,2.4267711639404297,2.4893736839294434,2.5533738136291504,2.6155550479888916,2.676867723464966,2.7379159927368164
1.4552596807479858,1.457092046737671,1.4580880403518677,1.46053147315979,1.463842511177063,1.4697306156158447,1.4754045009613037,1.4837520122528076,1.4955658912658691,1.5106760263442993,1.529025912284851,1.5517388582229614,1.5780985355377197,1.611997127532959,1.6502010822296143,1.6919153928756714,1.7350218296051025,1.7763539552688599,1.8157247304916382,1.8545421361923218,1.8922051191329956,1.9245885610580444,1.9542725086212158,1.9838727712631226,2.0142085552215576,2.0484964847564697,2.0848846435546875,2.1224896907806396,2.160595178604126,2.200951337814331,2.242119789123535,2.2840499877929688,2.3276214599609375,2.3714075088500977,2.4167897701263428,2.4611692428588867,2.5092833042144775,2.5617616176605225,2.615546226501465,2.6709723472595215,2.725867986679077,2.7764129638671875,2.827467441558838,2.877950429916382
1.5646681785583496,1.5633363723754883,1.5632909536361694,1.5639210939407349,1.5679166316986084,1.5756248235702515,1.5881092548370361,1.6051989793777466,1.6251839399337769,1.6489782333374023,1.676498532295227,1.7076359987258911,1.7426090240478516,1.7798482179641724,1.8196523189544678,1.8610234260559082,1.9030046463012695,1.9445985555648804,1.9840104579925537,2.022996664047241,2.0611531734466553,2.0962743759155273,2.130052089691162,2.162813186645508,2.195802927017212,2.2320950031280518,2.2689170837402344,2.306985855102539,2.3459625244140625,2.3847382068634033,2.425586700439453,2.4673216342926025,2.5102384090423584,2.5545437335968018,2.599212884902954,2.645939588546753,2.69197154045105,2.739877700805664,2.7875640392303467,2.8368515968322754,2.8844120502471924,2.9279115200042725,2.972825527191162,3.02085542678833
1.6687439680099487,1.6660692691802979,1.6656689643859863,1.6673812866210938,1.6727420091629028,1.6864746809005737,1.7063179016113281,1.7314528226852417,1.7616419792175293,1.7959303855895996,1.8312592506408691,1.870671272277832,1.9115606546401978,1.9524482488632202,1.9938756227493286,2.0355165004730225,2.0781726837158203,2.1167585849761963,2.157261610031128,2.1963047981262207,2.2359254360198975,2.2743682861328125,2.3119444847106934,2.3500478267669678,2.386789321899414,2.422938823699951,2.4588816165924072,2.49564790725708,2.53290057182312,2.5687713623046875,2.606699228286743,2.6446192264556885,2.6849966049194336,2.727236747741699,2.7703583240509033,2.8144845962524414,2.86022686958313,2.9054160118103027,2.9494895935058594,2.9941728115081787,3.038167953491211,3.080451726913452,3.123438596725464,3.1681950092315674
1.7588770389556885,1.760520339012146,1.7630654573440552,1.7689892053604126,1.7792962789535522,1.8007159233093262,1.8288311958312988,1.8622928857803345,1.9000217914581299,1.9414448738098145,1.9853426218032837,2.0304198265075684,2.075432777404785,2.1183159351348877,2.160130262374878,2.2028067111968994,2.2442474365234375,2.28533673286438,2.326359510421753,2.3665082454681396,2.4088857173919678,2.4506354331970215,2.491344928741455,2.531092643737793,2.571277618408203,2.6083288192749023,2.642627477645874,2.67629337310791,2.7093467712402344,2.741551160812378,2.7740988731384277,2.807943820953369,2.8432583808898926,2.882302761077881,2.923794746398926,2.965837240219116,3.009542465209961,3.053622245788574,3.0991785526275635,3.1424784660339355,3.1863365173339844,3.2298941612243652,3.2747254371643066,3.3223249912261963
1.8359447717666626,1.8429733514785767,1.852669358253479,1.8663007020950317,1.884452223777771,1.9134221076965332,1.9484002590179443,1.9871760606765747,2.0309345722198486,2.076274871826172,2.123849868774414,2.172330379486084,2.220919370651245,2.2650442123413086,2.307744026184082,2.350534677505493,2.39338755607605,2.436192750930786,2.47902774810791,2.522245168685913,2.563983201980591,2.6076841354370117,2.6493942737579346,2.6900017261505127,2.728609323501587,2.763273239135742,2.795625686645508,2.827362298965454,2.856349468231201,2.8853862285614014,2.915041208267212,2.946354866027832,2.9811291694641113,3.019287109375,3.059666633605957,3.102130889892578,3.1457226276397705,3.1904654502868652,3.2353174686431885,3.2812678813934326,3.32600474357605,3.371022939682007,3.4171907901763916,3.465270519256592
1.8904623985290527,1.9059332609176636,1.9248427152633667,1.9479386806488037,1.976224660873413,2.011686325073242,2.0532898902893066,2.09674334526062,2.143253803253174,2.190774440765381,2.239164113998413,2.2874011993408203,2.3355369567871094,2.3811123371124268,2.4258995056152344,2.4690845012664795,2.5135555267333984,2.557020425796509,2.6009275913238525,2.6447670459747314,2.6875972747802734,2.7305362224578857,2.7704918384552,2.8096859455108643,2.845431089401245,2.8765852451324463,2.9054577350616455,2.9342260360717773,2.9638569355010986,2.991840362548828,3.0227036476135254,3.0554187297821045,3.092916965484619,3.132965087890625,3.1755998134613037,3.2200634479522705,3.2649519443511963,3.3112094402313232,3.357703924179077,3.4043638706207275,3.451021909713745,3.49841046333313,3.5449562072753906,3.5929155349731445
1.9156696796417236,1.940743327140808,1.9701241254806519,2.004061222076416,2.041813611984253,2.0836679935455322,2.1274893283843994,2.1736350059509277,2.22217059135437,2.270484685897827,2.318018674850464,2.366241931915283,2.4135513305664062,2.460206985473633,2.5052578449249268,2.550204277038574,2.594332695007324,2.638807535171509,2.681925058364868,2.7244489192962646,2.7655656337738037,2.802936315536499,2.8391098976135254,2.873959541320801,2.905250072479248,2.9331629276275635,2.9600400924682617,2.9874374866485596,3.0180318355560303,3.0510029792785645,3.086697578430176,3.124913215637207,3.167405128479004,3.2136306762695312,3.2617995738983154,3.3110404014587402,3.359001636505127,3.407168388366699,3.4568393230438232,3.504141330718994,3.5519492626190186,3.6001501083374023,3.649768352508545,3.6990320682525635
1.9045096635818481,1.9383996725082397,1.9781794548034668,2.0204553604125977,2.065481185913086,2.1106886863708496,2.1582348346710205,2.206911087036133,2.255920171737671,2.3050293922424316,2.352911949157715,2.3994076251983643,2.4460675716400146,2.4927186965942383,2.538727283477783,2.5830764770507812,2.6268954277038574,2.6698668003082275,2.7107136249542236,2.750157356262207,2.7867939472198486,2.819437265396118,2.8505747318267822,2.8811745643615723,2.9095380306243896,2.9371371269226074,2.9641852378845215,2.9930145740509033,3.0275232791900635,3.0668413639068604,3.1085519790649414,3.155853748321533,3.2054200172424316,3.2584567070007324,3.3131020069122314,3.3686084747314453,3.421459674835205,3.4724628925323486,3.5239832401275635,3.5759246349334717,3.6289222240448,3.682375192642212,3.735983371734619,3.791762590408325
1.855519413948059,1.8966790437698364,1.941895604133606,1.9899559020996094,2.03960919380188,2.087819814682007,2.1350715160369873,2.1830356121063232,2.231919765472412,2.2795464992523193,2.327411413192749,2.3743627071380615,2.423614025115967,2.4719583988189697,2.5188260078430176,2.5623860359191895,2.604156970977783,2.643045663833618,2.6787219047546387,2.712553024291992,2.743748903274536,2.7719099521636963,2.7994136810302734,2.8274145126342773,2.8562610149383545,2.8858447074890137,2.91866397857666,2.953792095184326,2.995358467102051,3.042776346206665,3.0938849449157715,3.149279832839966,3.2072267532348633,3.2670257091522217,3.328413486480713,3.3896450996398926,3.4487154483795166,3.5065550804138184,3.5649514198303223,3.62451434135437,3.683558464050293,3.7460997104644775,3.8103857040405273,3.8765647411346436
1.7755680084228516,1.8196592330932617,1.8669395446777344,1.9164113998413086,1.9654783010482788,2.0114221572875977,2.0563712120056152,2.102210760116577,2.149134874343872,2.1980552673339844,2.2466838359832764,2.296272039413452,2.3449697494506836,2.394582748413086,2.4397621154785156,2.481684446334839,2.5200531482696533,2.5544679164886475,2.5857839584350586,2.6150124073028564,2.642422914505005,2.6688265800476074,2.6965601444244385,2.7259209156036377,2.7583742141723633,2.7943248748779297,2.8348522186279297,2.881135940551758,2.9347774982452393,2.992476224899292,3.053644895553589,3.1175825595855713,3.182896137237549,3.2487106323242188,3.3159234523773193,3.38468861579895,3.450920343399048,3.5179355144500732,3.5856130123138428,3.6558098793029785,3.728064775466919,3.802825927734375,3.8816211223602295,3.9634604454040527
1.6741230487823486,1.7177878618240356,1.7627359628677368,1.8090139627456665,1.854674220085144,1.8958433866500854,1.9359287023544312,1.9761664867401123,2.020357847213745,2.0693247318267822,2.117828130722046,2.16646146774292,2.2140698432922363,2.260725736618042,2.3060004711151123,2.3479645252227783,2.3864409923553467,2.4180119037628174,2.4474987983703613,2.4744715690612793,2.5023443698883057,2.5319290161132812,2.563072681427002,2.6000077724456787,2.6422197818756104,2.6896982192993164,2.742274284362793,2.8003110885620117,2.8629679679870605,2.9306163787841797,3.0021958351135254,3.0754823684692383,3.1479265689849854,3.222133159637451,3.2966175079345703,3.373019218444824,3.4493470191955566,3.5265965461730957,3.6065104007720947,3.6898889541625977,3.7787418365478516,3.8697335720062256,3.9639534950256348,4.062056064605713
1.567725419998169,1.6065932512283325,1.6454308032989502,1.6843336820602417,1.721261978149414,1.7555776834487915,1.790397047996521,1.8259954452514648,1.8657511472702026,1.909733533859253,1.9571226835250854,2.003448963165283,2.0502095222473145,2.0937421321868896,2.1362671852111816,2.176687002182007,2.2141506671905518,2.2482662200927734,2.2794442176818848,2.3108022212982178,2.345855236053467,2.3849916458129883,2.4278507232666016,2.4745709896087646,2.5289881229400635,2.588705062866211,2.6539928913116455,2.72470760345459,2.799286127090454,2.87741756439209,2.960028886795044,3.0444600582122803,3.127309799194336,3.2102296352386475,3.2945072650909424,3.3807156085968018,3.468895435333252,3.5572636127471924,3.6494975090026855,3.7463674545288086,3.8495535850524902,3.9553990364074707,4.06357479095459,4.172349452972412
1.467585563659668,1.497818946838379,1.52816641330719,1.55795156955719,1.5881714820861816,1.617492437362671,1.647827386856079,1.6814911365509033,1.7186660766601562,1.761425256729126,1.804565191268921,1.8489333391189575,1.892586350440979,1.9334851503372192,1.9725675582885742,2.0116751194000244,2.0480148792266846,2.0852160453796387,2.1243271827697754,2.166252374649048,2.2129883766174316,2.2663052082061768,2.323093891143799,2.385007619857788,2.452810525894165,2.525897264480591,2.604184150695801,2.6860859394073486,2.7721381187438965,2.8607141971588135,2.952688455581665,3.046151876449585,3.137881278991699,3.2312331199645996,3.3278701305389404,3.42630934715271,3.525571584701538,3.6266181468963623,3.7295405864715576,3.8369719982147217,3.9495766162872314,4.063354969024658,4.179266452789307,4.293984413146973
1.3917936086654663,1.4117106199264526,1.4328018426895142,1.4548940658569336,1.478659749031067,1.5068809986114502,1.5376418828964233,1.5705140829086304,1.6087028980255127,1.6505329608917236,1.6935073137283325,1.737265944480896,1.7775146961212158,1.8154449462890625,1.8532758951187134,1.8922834396362305,1.933112621307373,1.9775499105453491,2.0256903171539307,2.0790743827819824,2.140850067138672,2.208742380142212,2.2818994522094727,2.360044240951538,2.4413342475891113,2.5263514518737793,2.614335298538208,2.706401824951172,2.80149245262146,2.8995344638824463,3.0005667209625244,3.1041557788848877,3.2077383995056152,3.31199049949646,3.4181854724884033,3.5273900032043457,3.6360466480255127,3.7436952590942383,3.851716995239258,3.9652953147888184,4.080831527709961,4.19674015045166,4.311553955078125,4.4242329597473145
1.3572802543640137,1.3715059757232666,1.3866385221481323,1.4044784307479858,1.427924633026123,1.4577165842056274,1.4915211200714111,1.5272635221481323,1.5679395198822021,1.6108132600784302,1.6557940244674683,1.7013729810714722,1.7423624992370605,1.7811541557312012,1.8215144872665405,1.864745020866394,1.9141876697540283,1.9683163166046143,2.0285327434539795,2.093907117843628,2.169191837310791,2.2511372566223145,2.3389623165130615,2.430809736251831,2.5213210582733154,2.614043951034546,2.709324359893799,2.808175563812256,2.9117000102996826,3.016629219055176,3.1233937740325928,3.233567953109741,3.3460769653320312,3.4592137336730957,3.572329521179199,3.6846301555633545,3.7950401306152344,3.9054410457611084,4.01724910736084,4.128482818603516,4.240990161895752,4.3507537841796875,4.458015441894531,4.562155723571777
1.3883709907531738,1.4003212451934814,1.4165418148040771,1.4363738298416138,1.463363528251648,1.4984484910964966,1.5367214679718018,1.5775606632232666,1.620339274406433,1.6661709547042847,1.7144956588745117,1.764465570449829,1.809386134147644,1.8540292978286743,1.9018265008926392,1.9539240598678589,2.014730453491211,2.0814425945281982,2.1532986164093018,2.232388496398926,2.3205013275146484,2.4146194458007812,2.5111982822418213,2.610630512237549,2.704463481903076,2.8018381595611572,2.900130033493042,3.0023598670959473,3.1100034713745117,3.219982385635376,3.3303823471069336,3.442789077758789,3.559124231338501,3.675327777862549,3.790799140930176,3.9020447731018066,4.005929946899414,4.108578205108643,4.212464332580566,4.313512325286865,4.415839195251465,4.514500141143799,4.611151218414307,4.704444885253906
