DATA/test2.json
{"header": {"parameterCategory": 2, "parameterNumber": 2, "lo1": 5.498000144958496, "la1": 51.819000244140625, "dx": 0.559999942779541, "dy": 0.3600006103515625, "nx": 30, "ny": 25, "refTime": "2024-03-28T10:00:00.000000000"}, "data":
[rows 0 to 24 of 25, columns 0 to 29 of 30]
2.695981025695801,2.283111095428467,0.8515845537185669,1.6560057401657104,4.461859703063965,5.114444255828857,0.8515845537185669,1.7610431909561157,0.9212629795074463,2.5550646781921387,2.921135902404785,3.1083316802978516,2.7604598999023438,3.081292152404785,3.9964709281921387,2.991854190826416,4.339662551879883,4.942328453063965,3.5466814041137695,3.5529212951660156,5.771708965301514,5.636512279510498,3.859193801879883,-0.5253430604934692,0.4969528913497925,0.38255560398101807,-0.704218864440918,-2.361419916152954,-1.3287241458892822,0.22863918542861938
2.779179096221924,4.593416690826416,3.3095669746398926,1.90507972240448,1.5618878602981567,1.3939318656921387,1.7251640558242798,1.6539257764816284,3.0188937187194824,1.9815179109573364,2.3865885734558105,2.9705348014831543,3.3548059463500977,4.123347759246826,3.590360164642334,4.110348224639893,3.233128547668457,3.671478271484375,4.653215408325195,3.605959892272949,6.363455295562744,3.469202995300293,1.856721043586731,4.641775608062744,-0.047994256019592285,1.772482991218567,-0.467104434967041,-1.1300888061523438,-1.103569507598877,-0.4156256318092346
4.734333515167236,6.421693801879883,2.7386202812194824,2.058475971221924,1.1240581274032593,0.4808332920074463,0.661789059638977,2.7344603538513184,2.2591915130615234,2.3886685371398926,2.271151065826416,2.279470920562744,2.659061908721924,3.161370277404785,3.757796287536621,2.2456717491149902,2.869657039642334,3.9101529121398926,4.696374416351318,4.963128089904785,5.1986823081970215,5.286040306091309,4.87785005569458,4.489418983459473,1.659645676612854,2.0875954627990723,1.138097882270813,-0.5445826053619385,-1.431681752204895,-0.6043812036514282
6.193939208984375,4.0671892166137695,6.576129913330078,3.671478271484375,2.824418067932129,0.5588314533233643,0.7928259372711182,1.663805365562439,2.405308246612549,1.7605232000350952,1.1308180093765259,1.9950376749038696,2.016357421875,2.7921791076660156,2.557664394378662,1.1032586097717285,1.9711183309555054,1.6445659399032593,2.231112003326416,3.343885898590088,4.714573860168457,5.894426345825195,5.310480117797852,3.1301708221435547,2.829617977142334,2.511385440826416,2.5327048301696777,-2.95680570602417,0.7309473752975464,-1.5367193222045898
3.662118434906006,4.337062835693359,5.016166687011719,4.327182769775391,3.2544479370117188,2.1759934425354004,0.741867184638977,2.389188289642334,1.7199641466140747,2.3330297470092773,2.7292604446411133,1.7412837743759155,0.46887362003326416,1.6414459943771362,0.8817439079284668,3.297606945037842,2.415707588195801,2.6772618293762207,2.9377756118774414,2.946615219116211,2.317430019378662,4.217465400695801,5.042166233062744,2.604983329772949,3.6688785552978516,3.238328456878662,3.600759983062744,-3.8917441368103027,-1.0801700353622437,-0.14991188049316406
2.445347309112549,3.4369640350341797,7.7377824783325195,4.000630855560303,2.896176338195801,0.9982211589813232,1.1074185371398926,1.9695583581924438,2.7193808555603027,2.9336156845092773,2.5259451866149902,3.555521011352539,0.7813862562179565,1.6918848752975464,1.4147313833236694,2.219672203063965,1.6352061033248901,4.090068340301514,3.1296510696411133,1.5369285345077515,3.1442108154296875,3.569561004638672,4.993287563323975,4.450940132141113,4.017270088195801,5.833067417144775,4.091628551483154,-0.9236537218093872,-1.0921297073364258,0.9711817502975464
4.254384517669678,5.16696310043335,4.0250701904296875,5.384838104248047,4.645935535430908,4.4582200050354,2.8722572326660156,1.7927623987197876,4.425980567932129,2.804138660430908,0.8266251087188721,3.6121997833251953,0.9394625425338745,0.8037457466125488,2.376708507537842,2.3548693656921387,2.3096303939819336,3.638719081878662,1.9175595045089722,1.2498952150344849,2.2253923416137695,2.9310154914855957,2.3434295654296875,3.9314723014831543,1.7163242101669312,3.2981271743774414,3.547201156616211,0.20939964056015015,0.19743996858596802,0.30143749713897705
4.739533424377441,4.14674711227417,6.194979190826416,4.8227314949035645,2.3834686279296875,3.760916233062744,3.2908473014831543,2.551424503326416,5.793548583984375,3.4062843322753906,0.8864237070083618,3.543041229248047,0.3887954354286194,2.118274688720703,-0.07711359858512878,0.7163877487182617,1.4480105638504028,2.132314682006836,2.1286745071411133,2.204592704772949,0.6831085681915283,3.7910757064819336,1.9731982946395874,1.0029009580612183,2.0485963821411133,3.3906850814819336,3.240408420562744,2.575863838195801,0.23747903108596802,0.580670952796936
4.320423126220703,4.942328453063965,5.9183454513549805,6.443533420562744,3.989710807800293,4.632936000823975,3.5435614585876465,3.3667654991149902,3.639759063720703,5.534594535827637,0.9602620601654053,1.348172903060913,-1.8871910572052002,-2.2272629737854004,-1.8814711570739746,2.923736095428467,2.5035858154296875,1.41525137424469,1.3653324842453003,-0.13743218779563904,0.37007588148117065,1.8832403421401978,1.4038115739822388,-0.36466681957244873,2.2233123779296875,1.2665348052978516,3.0537328720092773,2.72666072845459,1.1516175270080566,0.4917529821395874
3.496762752532959,4.123347759246826,4.3022236824035645,5.101444721221924,1.944078803062439,4.162346839904785,6.665048122406006,4.049509525299072,3.3854851722717285,3.2008895874023438,1.8364413976669312,0.19847995042800903,-2.142505168914795,-2.0026283264160156,-1.3240442276000977,-1.0385710000991821,-0.11507269740104675,1.3970516920089722,0.4740734100341797,0.021164119243621826,-1.4545612335205078,0.7824262380599976,0.37007588148117065,2.2550315856933594,3.62623929977417,1.9731982946395874,2.27531099319458,2.036116600036621,4.1862664222717285,3.124451160430908
3.1332907676696777,2.4739465713500977,2.8483376502990723,5.136283874511719,4.655815124511719,6.6442484855651855,3.461923122406006,2.1557140350341797,4.445219993591309,2.9819746017456055,2.23527193069458,-0.5113034248352051,-1.98702871799469,-1.5252795219421387,-0.7723372578620911,-2.541855812072754,-2.283421754837036,-0.8383756875991821,-0.13847216963768005,-1.903830647468567,-2.0125081539154053,0.7923059463500977,3.9408321380615234,5.569953918457031,4.448339939117432,2.258671283721924,2.277390956878662,3.560720920562744,3.4244842529296875,5.092605113983154
3.2107691764831543,2.400628089904785,2.5280251502990723,3.5477213859558105,2.86549711227417,3.042813301086426,2.1926331520080566,2.4058279991149902,5.577233791351318,7.180356025695801,3.0324134826660156,2.177553176879883,1.1661771535873413,-2.7581706047058105,-1.115529179573059,0.5427118539810181,0.7039080858230591,2.043396472930908,0.8625043630599976,1.027860403060913,2.0777158737182617,3.9059929847717285,6.777885437011719,5.849707126617432,4.433260440826416,3.8560738563537598,3.1514906883239746,6.92868185043335,6.540250778198242,5.524714946746826
3.7848358154296875,2.959095001220703,4.208625793457031,4.202906131744385,0.47875332832336426,0.6789486408233643,3.119251251220703,3.748436450958252,2.9102163314819336,5.137844085693359,1.2810944318771362,0.7132678031921387,1.8666006326675415,-1.7759137153625488,2.727700710296631,0.9431024789810181,0.11372190713882446,1.349212884902954,2.1411542892456055,2.4916257858276367,3.550321102142334,5.892866134643555,7.874019622802734,5.6812310218811035,5.650551795959473,4.212785720825195,6.796605110168457,5.724910259246826,6.327055931091309,3.5732007026672363
4.174826622009277,4.111388206481934,3.0542526245117188,1.742843508720398,1.3174936771392822,-0.45826464891433716,3.5456414222717285,6.980160713195801,2.541024684906006,1.2405353784561157,2.4859061241149902,5.1841230392456055,1.4391707181930542,1.5660477876663208,1.1994564533233643,3.842034339904785,1.740763783454895,4.875770092010498,2.8509373664855957,3.2409281730651855,6.223578453063965,6.196538925170898,5.123804092407227,9.574379920959473,7.896379470825195,5.6370320320129395,5.255361080169678,5.974504470825195,4.792052268981934,5.7982282638549805
3.509242057800293,5.550714015960693,2.7838592529296875,4.311583518981934,0.7158677577972412,0.7704664468765259,-0.2845887243747711,0.3211970329284668,-0.8555352687835693,0.14856112003326416,0.076282799243927,-0.21959024667739868,-0.5700620412826538,0.8245452642440796,2.6887011528015137,3.547201156616211,1.6742051839828491,6.283377170562744,4.2179856300354,4.539338111877441,6.030142784118652,6.872523307800293,6.311456203460693,7.115877628326416,7.14967679977417,7.5240678787231445,5.099884986877441,3.9501919746398926,5.447756767272949,5.441516876220703
2.006997585296631,4.140507221221924,5.903785705566406,4.969367980957031,2.1317944526672363,1.6716052293777466,-2.0681467056274414,1.812522053718567,-1.8461120128631592,2.089155673980713,0.738747239112854,1.741803765296936,-1.5263195037841797,-0.19047093391418457,1.374172329902649,1.858801007270813,2.470306396484375,1.099098801612854,6.510611534118652,5.706190586090088,6.81012487411499,7.10911750793457,7.24015474319458,5.328159332275391,7.572426795959473,6.074862003326416,5.09728479385376,4.995887279510498,5.28708028793335,4.846130847930908
1.4183712005615234,1.8484011888504028,2.359549045562744,-0.1873510181903839,0.5120325088500977,1.383012056350708,-0.5191032290458679,0.4236346483230591,-0.45150479674339294,0.2795979976654053,0.6529492139816284,-2.304741382598877,-1.4540412425994873,0.09032249450683594,0.5858708620071411,2.3876285552978516,3.6184396743774414,3.8129148483276367,4.63813591003418,5.928225517272949,5.573073863983154,5.315679550170898,6.253217697143555,6.860043525695801,5.653671741485596,5.835667610168457,6.537651062011719,4.193026065826416,5.329719543457031,3.978271007537842
1.7953623533248901,2.356429100036621,-0.5986613631248474,-0.06983378529548645,1.186976671218872,-0.1977507770061493,-0.8383756875991821,0.18028032779693604,-3.242279052734375,-1.3100045919418335,-4.32853364944458,-3.097202777862549,-2.6505331993103027,0.15740090608596802,1.5239287614822388,2.375668525695801,1.1885366439819336,4.691174507141113,4.055749416351318,6.553770542144775,4.883569717407227,4.974047660827637,4.9438886642456055,5.52887487411499,6.727446556091309,7.62806510925293,5.810708045959473,5.315159797668457,3.462963104248047,4.575217247009277
1.4880496263504028,1.892600178718567,5.527834892272949,8.367487907409668,0.8604243993759155,-0.48530399799346924,0.41115492582321167,-2.693171977996826,-6.278487682342529,-4.784563064575195,-6.945112228393555,-2.9048070907592773,-2.626093864440918,-2.934966564178467,-3.166360855102539,-0.7499777674674988,1.6118067502975464,4.402061462402344,3.4265642166137695,5.142004013061523,4.3381028175354,3.363645553588867,5.097805023193359,6.403494358062744,5.743109703063965,5.785748481750488,6.062382221221924,4.015190124511719,4.193546295166016,2.5457048416137695
4.396861553192139,2.3876285552978516,1.7646831274032593,-0.8071764707565308,1.6612056493759155,2.358509063720703,1.8848003149032593,1.1292580366134644,-1.520599603652954,-5.512545585632324,-5.929056167602539,-4.775722980499268,-2.6718525886535645,-3.0488438606262207,-5.172473907470703,-1.3911226987838745,-0.7931367754936218,3.8555541038513184,1.982037901878357,1.8530811071395874,2.9299755096435547,4.172226428985596,4.9984869956970215,6.012463569641113,3.4083642959594727,5.471156120300293,4.8627705574035645,4.820131301879883,2.9954943656921387,2.336669445037842
2.5181455612182617,1.0533398389816284,3.361565589904785,5.804468154907227,0.978981614112854,1.5291286706924438,1.6560057401657104,3.7775559425354004,2.9616951942443848,3.566441059112549,1.1708570718765259,-2.502856731414795,-0.08855333924293518,-2.0281076431274414,-3.1216421127319336,-4.842281341552734,-2.4664573669433594,-0.9569329023361206,0.8801839351654053,3.1811299324035645,-0.9782524108886719,4.339662551879883,3.4879226684570312,2.380868434906006,2.6299428939819336,2.980414390563965,5.0681657791137695,3.645998954772949,3.811875343322754,3.078172206878662
2.7869791984558105,1.8790804147720337,3.0485329627990723,2.9304957389831543,0.3492763638496399,2.3855485916137695,2.1676735877990723,2.6720619201660156,1.6747251749038696,3.844634532928467,3.321526527404785,3.70631742477417,4.285064220428467,2.272191047668457,-2.0047082901000977,-1.9220302104949951,-7.114108085632324,-6.901432991027832,0.2936376929283142,0.8479446172714233,0.2073197364807129,1.7979623079299927,5.354158878326416,3.8331947326660156,3.4634833335876465,4.150387287139893,3.9397921562194824,3.1338109970092773,3.479602813720703,4.174826622009277
4.23774528503418,2.710540771484375,4.96832799911499,0.024803996086120605,3.003293991088867,4.44625997543335,6.110220909118652,5.451396465301514,7.5999860763549805,0.7741063833236694,1.6612056493759155,3.92783260345459,3.526401996612549,3.2346887588500977,-2.553295373916626,-1.824792504310608,-3.897984027862549,-6.565520763397217,-2.515336275100708,-2.989565372467041,0.46939361095428467,2.063675880432129,3.1156115531921387,0.9748216867446899,1.4786897897720337,4.098388195037842,2.561824321746826,4.0619893074035645,1.0699794292449951,3.8149948120117188
3.824354648590088,4.242424964904785,1.3980916738510132,0.13088148832321167,4.593416690826416,8.784518241882324,7.960857391357422,8.306129455566406,7.534467697143555,1.223895788192749,0.006604433059692383,1.3585726022720337,2.000237464904785,4.818051338195801,1.712164282798767,-3.598470687866211,-3.081082820892334,-0.9626528024673462,-3.331717014312744,-3.5844311714172363,-2.693171977996826,-2.518456220626831,-0.6142609715461731,6.972360610961914,5.035926342010498,2.418827533721924,2.4973459243774414,0.5661113262176514,1.2093361616134644,2.6549019813537598
6.554810523986816,2.427147388458252,0.08928251266479492,6.59952974319458,9.379903793334961,7.449709892272949,9.944090843200684,11.66161060333252,0.3965952396392822,-1.0416909456253052,0.6623090505599976,3.3620853424072266,1.6357260942459106,3.339725971221924,3.192049503326416,-5.398148536682129,-4.488170146942139,-1.9215102195739746,1.2956541776657104,-3.094082832336426,-1.5684385299682617,0.5245122909545898,1.6804450750350952,3.5191221237182617,5.8793463706970215,2.916975975036621,4.8227314949035645,3.639759063720703,0.981061577796936,3.7193174362182617
