DATA/test2.json
{"header": {"parameterCategory": 2, "parameterNumber": 3, "lo1": 5.498000144958496, "la1": 51.819000244140625, "dx": 0.559999942779541, "dy": 0.3600006103515625, "nx": 30, "ny": 25, "refTime": "2024-03-28T10:00:00.000000000"}, "data":
[rows 0 to 24 of 25, columns 0 to 29 of 30]
4.080069541931152,3.8558828830718994,3.6571850776672363,3.7000527381896973,6.5490217208862305,7.265608787536621,6.24025821685791,6.308035373687744,5.103682518005371,4.922363758087158,3.8628344535827637,5.3701581954956055,4.015188694000244,3.9288740158081055,3.4625420570373535,2.218797206878662,2.576801061630249,3.1352407932281494,2.9035229682922363,2.226907253265381,2.3763651847839355,1.8051810264587402,3.866889476776123,6.33815860748291,7.123682022094727,6.024181365966797,5.801732540130615,5.279788017272949,5.925122261047363,7.219844818115234
3.251678943634033,2.8044636249542236,5.22301721572876,4.698176860809326,5.338876247406006,4.671529293060303,4.3847784996032715,6.151626110076904,4.936266899108887,4.570732116699219,4.6164960861206055,4.849372386932373,5.333662509918213,4.804187774658203,4.045891284942627,3.4370532035827637,2.5484156608581543,1.9534804821014404,1.5300164222717285,1.3353734016418457,2.3306009769439697,0.5793943405151367,2.3039534091949463,3.2099697589874268,6.051408290863037,5.9141154289245605,3.753347873687744,5.563642501831055,7.075600624084473,7.397109031677246
3.7620372772216797,4.954224586486816,3.7898433208465576,5.337717533111572,4.340752124786377,3.5054097175598145,4.426487922668457,5.8863091468811035,4.888185501098633,7.030994892120361,6.192176818847656,5.111793041229248,4.739306449890137,4.1883978843688965,4.296146392822266,3.07846999168396,4.275291919708252,4.975658893585205,1.403151035308838,1.1239309310913086,1.6215448379516602,3.13118577003479,4.473989963531494,2.0363194942474365,5.929756164550781,6.260533332824707,3.9317703247070312,4.6390886306762695,5.325552463531494,9.38466739654541
6.777263641357422,4.275871276855469,6.207817554473877,4.421853542327881,4.201142311096191,3.3895509243011475,5.998692512512207,4.7045488357543945,5.33597993850708,4.427066802978516,4.470514297485352,3.582456111907959,4.854006767272949,4.490789413452148,3.768409252166748,5.049808502197266,3.325249195098877,3.7707266807556152,2.9504458904266357,3.960155963897705,3.8274974822998047,4.505850791931152,3.2991809844970703,4.030829429626465,5.481382846832275,4.870806694030762,5.575228214263916,7.257498741149902,5.3348212242126465,6.974224090576172
4.826780319213867,3.3901302814483643,4.841841697692871,4.392309188842773,3.350158929824829,5.502237319946289,5.618095874786377,4.6367716789245605,3.1224963665008545,4.530181407928467,4.599117279052734,5.0776143074035645,4.494265079498291,4.003023624420166,1.2757062911987305,4.15479850769043,2.9788312911987305,2.7413206100463867,2.3520348072052,4.617075443267822,4.552773952484131,3.624744415283203,3.3675377368927,6.027077674865723,7.749898910522461,4.585793495178223,6.756409168243408,6.001588821411133,5.671391010284424,5.469217300415039
2.2726714611053467,2.9434943199157715,5.312808036804199,3.4851346015930176,3.393605947494507,5.099627494812012,5.450679779052734,3.594621181488037,4.993617057800293,5.630261421203613,4.164067268371582,6.622592449188232,5.023160934448242,4.978555202484131,3.7353897094726562,1.7988088130950928,2.36767578125,2.4342947006225586,2.5628979206085205,1.924515724182129,2.2680373191833496,2.5878076553344727,7.233168601989746,6.31846284866333,5.903687953948975,6.127874851226807,5.9494524002075195,5.430984020233154,5.389274597167969,8.468803405761719
4.006499290466309,3.8303937911987305,4.290353775024414,4.794339656829834,6.333524703979492,6.624330520629883,4.914833068847656,3.6919426918029785,6.332365989685059,4.111930847167969,4.4149017333984375,4.121778964996338,3.433577299118042,2.783029794692993,2.8809306621551514,2.867027521133423,3.207073211669922,3.277167797088623,3.9868035316467285,3.0697805881500244,3.675722360610962,6.043298244476318,3.8425590991973877,5.567118167877197,4.583476543426514,5.096731185913086,3.643281936645508,4.731775760650635,6.5496015548706055,6.898336410522461
3.9462528228759766,3.1572539806365967,4.852269172668457,4.465879440307617,4.882392406463623,6.47661018371582,3.6357510089874268,3.6137378215789795,6.671253204345703,4.173915386199951,3.0993244647979736,4.169281005859375,2.9463908672332764,3.3663792610168457,2.168977975845337,0.6019868850708008,3.178687810897827,2.251237630844116,3.1097517013549805,4.383619785308838,3.483396530151367,5.956403732299805,2.9359636306762695,2.969562530517578,4.4125847816467285,3.7365481853485107,1.6348686218261719,4.2561750411987305,2.984624147415161,5.150026321411133
4.284560680389404,4.592745304107666,3.07267689704895,4.5811591148376465,1.826035737991333,6.131350994110107,3.004899501800537,3.420832872390747,3.6693501472473145,0.42761945724487305,1.4292192459106445,0.4218263626098633,3.8500900268554688,3.4219913482666016,1.9662249088287354,3.3895509243011475,3.7956361770629883,1.7802715301513672,3.287595272064209,3.3617448806762695,3.8512485027313232,3.1925909519195557,4.105558395385742,3.267319917678833,3.857041358947754,6.500940322875977,3.8101186752319336,4.987823963165283,4.352917194366455,4.4728312492370605
3.7852089405059814,4.694701194763184,4.124095916748047,3.611999988555908,7.388998508453369,4.139737129211426,5.716576099395752,3.6890461444854736,3.13118577003479,1.7298729419708252,-1.4730453491210938,-0.3347320556640625,0.4322538375854492,2.639944076538086,1.0920696258544922,1.697432279586792,4.327428340911865,3.627640962600708,3.3495795726776123,3.4225707054138184,4.102083206176758,2.8832478523254395,4.3847784996032715,2.786505699157715,1.0329818725585938,2.233858823776245,2.9805691242218018,3.1219170093536377,6.1435160636901855,7.632302284240723
3.0599324703216553,5.464582920074463,3.456749200820923,2.8728203773498535,7.5268707275390625,4.060373783111572,3.0141682624816895,3.045450210571289,3.592303991317749,0.7387003898620605,-1.25523042678833,1.4738249778747559,2.007354736328125,1.1326203346252441,2.166081428527832,0.4687490463256836,-0.31040143966674805,0.6865639686584473,0.3401460647583008,2.2031562328338623,2.6561644077301025,4.159432888031006,4.85168981552124,2.6040279865264893,3.4353151321411133,3.015326738357544,3.6143171787261963,3.5511741638183594,5.307594299316406,7.007243633270264
4.361606597900391,3.620110034942627,4.070221900939941,3.9184465408325195,4.080648899078369,4.0041823387146,3.31482195854187,4.210989952087402,3.501934051513672,1.9447910785675049,0.6002488136291504,1.8098154067993164,4.190135478973389,-0.00858926773071289,1.586787223815918,1.911771297454834,3.760878562927246,2.891937255859375,3.2835400104522705,3.3107669353485107,4.938004493713379,5.957562446594238,7.467782974243164,4.753209590911865,3.0495052337646484,3.9520456790924072,5.217224597930908,6.261112689971924,7.339179515838623,7.292835712432861
5.507451057434082,3.5685529708862305,3.1949081420898438,3.135820150375366,1.8329873085021973,2.3659379482269287,3.755664825439453,3.0599324703216553,1.3087258338928223,-0.2026529312133789,0.9796867370605469,3.4393701553344727,1.4193711280822754,3.270216226577759,4.395205974578857,4.537712097167969,4.334380149841309,4.894557476043701,1.848628044128418,5.0863037109375,5.590869426727295,8.295015335083008,8.138605117797852,3.776519536972046,4.659943580627441,4.745678901672363,5.997533798217773,6.743664741516113,8.304283142089844,4.311208248138428
5.2363409996032715,4.509326934814453,3.027492046356201,3.040236473083496,2.0368988513946533,1.1013383865356445,2.89888858795166,3.018223285675049,-3.8180289268493652,-0.7923746109008789,4.161170959472656,5.1633501052856445,6.725127220153809,7.348447799682617,8.567283630371094,0.8047399520874023,7.024043083190918,2.3763651847839355,4.096869468688965,5.183625221252441,7.671694278717041,7.691390037536621,4.358130931854248,7.127737045288086,7.156701564788818,5.189997673034668,7.724410057067871,7.886612415313721,8.624053955078125,7.924266815185547
5.448362827301025,4.757843971252441,5.78145694732666,3.421412229537964,1.6128554344177246,1.5873663425445557,0.7543411254882812,-0.945887565612793,3.400557518005371,3.613158702850342,1.8445730209350586,0.22544574737548828,1.8619518280029297,1.3510141372680664,2.6509506702423096,3.2209763526916504,4.191294193267822,5.026636600494385,5.721210479736328,5.833593368530273,5.2010040283203125,6.565821647644043,5.8156352043151855,6.197390556335449,6.331786632537842,7.221582412719727,6.762202262878418,7.781760215759277,8.1328125,8.339040756225586
3.1074347496032715,1.9523217678070068,5.180149555206299,2.5043892860412598,3.8124356269836426,2.6138758659362793,0.49539661407470703,3.3993990421295166,2.422708749771118,2.143488883972168,-0.30866384506225586,0.7589755058288574,1.9853415489196777,0.44036388397216797,2.6845498085021973,4.237058639526367,5.908322334289551,4.782753944396973,6.131930351257324,4.853427410125732,5.083986759185791,6.065890312194824,6.031712055206299,4.383619785308838,7.03736686706543,6.080952167510986,7.693707466125488,7.004926681518555,7.093558311462402,7.396529674530029
3.814173698425293,4.936845779418945,2.1116278171539307,-1.1051936149597168,3.8813719749450684,-0.4980931282043457,0.4826521873474121,1.0967040061950684,1.1899704933166504,1.510899543762207,-1.3757238388061523,-0.12502765655517578,1.9111919403076172,-1.5367674827575684,4.525547027587891,4.05284309387207,4.204038619995117,3.5963590145111084,4.705128192901611,4.959438323974609,4.3772478103637695,4.549877166748047,6.696162700653076,5.158715724945068,5.302380561828613,6.982913494110107,6.751774787902832,6.430845737457275,5.448942184448242,3.7041077613830566
3.182163715362549,1.798229455947876,-0.031181812286376953,-0.2055492401123047,0.15071678161621094,0.11132478713989258,-0.3550071716308594,-1.1567506790161133,-2.1542954444885254,-2.2290244102478027,1.5873663425445557,-0.877530574798584,-1.5761594772338867,1.4836726188659668,8.47865104675293,2.9104745388031006,3.3744893074035645,4.456611156463623,5.977258682250977,4.925839424133301,4.253278732299805,5.0451741218566895,3.307291269302368,5.609406471252441,6.9319353103637695,6.5391740798950195,6.458652019500732,5.383481979370117,5.752492427825928,4.262547492980957
3.0668840408325195,0.2231283187866211,2.6063451766967773,3.529160976409912,-0.08505630493164062,-0.03813314437866211,-0.8769512176513672,-2.903322696685791,-3.100283145904541,-3.4924654960632324,-2.8899989128112793,-2.170515537261963,1.1546335220336914,5.753651142120361,9.539918899536133,2.5350918769836426,5.485437870025635,7.169445991516113,6.139461040496826,8.021008491516113,5.718893051147461,3.637488842010498,6.240837574005127,6.137722969055176,6.420418739318848,6.872847557067871,4.742203235626221,5.876461505889893,5.016209125518799,2.987520694732666
0.47917652130126953,1.5317542552947998,3.2713749408721924,1.5416021347045898,0.5481123924255371,-0.4980931282043457,0.49192094802856445,-1.3583450317382812,-1.908674716949463,0.823277473449707,0.5116171836853027,0.42530202865600586,2.6816532611846924,11.70705795288086,11.135294914245605,3.9613144397735596,4.356972694396973,3.755664825439453,6.787111759185791,4.383619785308838,6.1562604904174805,4.535974502563477,4.761898994445801,4.913094997406006,5.737430572509766,6.244892597198486,4.732934474945068,4.57652473449707,4.841262340545654,2.0386366844177246
2.5246646404266357,2.571587324142456,4.4073710441589355,3.4654386043548584,-0.3051881790161133,-1.219893455505371,-0.7263350486755371,5.088621139526367,4.148426532745361,3.940459728240967,5.6522746086120605,2.985203504562378,5.581021308898926,11.759774208068848,10.039849281311035,10.311538696289062,5.671970367431641,6.135406017303467,5.616358280181885,7.1010894775390625,5.047491073608398,7.324117660522461,4.102083206176758,4.633874893188477,4.437494277954102,4.462404251098633,5.729899883270264,4.571890830993652,5.0625529289245605,2.576801061630249
-0.9325637817382812,0.4635353088378906,0.2069082260131836,5.214327812194824,-1.442342758178711,-2.858137607574463,-0.1713709831237793,7.963079452514648,5.62504768371582,6.902970790863037,5.202162742614746,4.940321922302246,8.401025772094727,12.710975646972656,10.157445907592773,10.110523223876953,8.514567375183105,8.471120834350586,4.983768939971924,7.209996700286865,6.02186393737793,6.819552421569824,4.807663440704346,6.014333248138428,4.529022693634033,6.370599269866943,4.26196813583374,4.399840354919434,4.683694362640381,1.7698440551757812
-0.6701436042785645,0.4148750305175781,-1.8032431602478027,-2.4155569076538086,1.7895400524139404,2.956818103790283,11.393080711364746,11.9295072555542,11.190906524658203,3.0512430667877197,5.91990852355957,6.874006271362305,8.654756546020508,6.920349597930908,6.449962615966797,11.287649154663086,8.498926162719727,7.694866180419922,4.367979049682617,8.247512817382812,6.51368522644043,7.875605583190918,7.513546943664551,5.382323265075684,4.538870811462402,7.087186336517334,3.8124356269836426,4.6367716789245605,4.34770393371582,2.693239212036133
-1.0854973793029785,-1.5900626182556152,2.4366118907928467,-2.435253143310547,-0.8039603233337402,9.630867004394531,11.638701438903809,12.38425350189209,10.539779663085938,5.559587478637695,5.75423002243042,4.186659812927246,6.122661590576172,8.342516899108887,6.328310966491699,10.043325424194336,11.056510925292969,11.383232116699219,9.46113395690918,5.990582466125488,4.5510358810424805,5.913536071777344,6.744823455810547,5.625627040863037,3.8431382179260254,3.7394447326660156,4.13104772567749,4.728300094604492,5.309332370758057,5.019105911254883
-1.3091049194335938,-0.8549380302429199,1.8799099922180176,2.349717617034912,8.320504188537598,12.729513168334961,12.698230743408203,12.361660957336426,6.459810733795166,6.582621097564697,4.4531354904174805,6.616219997406006,5.994637489318848,10.377577781677246,5.360889434814453,7.818835258483887,9.123405456542969,11.96078872680664,12.758477210998535,8.430569648742676,4.622868537902832,4.8406829833984375,6.557132244110107,5.0863037109375,8.723692893981934,2.473686695098877,4.738148212432861,2.609241485595703,3.720907211303711,5.940762996673584
