DATA/wind10m.json
{"header": {"parameterCategory": 2, "parameterNumber": 3, "lo1": 5.498000144958496, "la1": 51.819000244140625, "dx": 0.559999942779541, "dy": 0.3600006103515625, "nx": 30, "ny": 25, "refTime": "2024-03-29T23:00:00.000000000"}, "data":
[rows 0 to 24 of 25, columns 0 to 29 of 30]
3.902805805206299,2.7540650367736816,2.4621007442474365,1.3736066818237305,0.45658397674560547,1.002279281616211,1.3840341567993164,1.8306701183319092,1.3654966354370117,2.660219430923462,2.6411027908325195,0.31581544876098633,-0.4691281318664551,1.3429040908813477,0.3355116844177246,-0.4204673767089844,1.4124197959899902,0.9953274726867676,-0.9487838745117188,0.2729477882385254,1.5618774890899658,2.712355852127075,4.099765777587891,3.753347873687744,4.811718463897705,4.735830783843994,4.938004493713379,3.2707955837249756,3.1097517013549805,3.7933192253112793
3.4631214141845703,2.745375633239746,4.099765777587891,3.841979742050171,2.9886794090270996,2.7766575813293457,2.075711488723755,1.4778800010681152,2.0235750675201416,-0.00858926773071289,-0.5513882637023926,1.9453701972961426,2.800987958908081,1.2600650787353516,1.3440628051757812,0.5753393173217773,-0.032919883728027344,0.10263538360595703,1.2229905128479004,2.083242416381836,2.4551491737365723,3.3646411895751953,3.75624418258667,3.925398111343384,2.9689834117889404,3.6838324069976807,3.0471880435943604,2.0762908458709717,3.1195998191833496,5.238658428192139
3.8941164016723633,1.99461030960083,2.0090925693511963,1.765209674835205,1.63718581199646,3.1954872608184814,0.9652042388916016,1.9082953929901123,2.370572328567505,3.5482776165008545,1.9865002632141113,0.727114200592041,1.6632540225982666,1.3336353302001953,2.0519604682922363,2.380420207977295,4.643143653869629,6.840986251831055,4.884130001068115,6.846199989318848,0.9055371284484863,3.061091184616089,5.537574291229248,6.783636093139648,4.388254165649414,3.7973742485046387,3.065725564956665,3.1682605743408203,3.058773994445801,3.658343553543091
4.018664360046387,2.476003885269165,2.362462282180786,2.6156136989593506,2.987520694732666,0.10553169250488281,1.6186482906341553,1.7032253742218018,-0.27796125411987305,-0.31040143966674805,1.5433399677276611,-0.5994696617126465,0.7259559631347656,2.085559606552124,4.626344203948975,3.9896998405456543,0.4380464553833008,3.1167032718658447,1.2119836807250977,4.39115047454834,6.268064498901367,2.934225559234619,4.419536113739014,4.648936748504639,4.650674819946289,3.423150062561035,2.2384932041168213,2.057753324508667,2.4928033351898193,2.5177130699157715
1.8723793029785156,0.8539800643920898,1.614593267440796,1.258906364440918,0.05513286590576172,0.3360905647277832,-0.48998308181762695,-0.6058416366577148,-0.37470340728759766,-0.007430553436279297,-0.6110553741455078,1.6742606163024902,2.8195254802703857,2.0293679237365723,-0.3544278144836426,-0.781947135925293,0.3859100341796875,1.2913470268249512,0.020954608917236328,5.254299163818359,4.820407867431641,5.413605213165283,5.4025983810424805,3.6467576026916504,3.8303937911987305,1.4790382385253906,2.55710506439209,1.8555796146392822,2.368255138397217,3.317718505859375
1.216038703918457,1.1847567558288574,-0.7894778251647949,0.8313875198364258,0.7833061218261719,-0.5311126708984375,-1.2048320770263672,-0.8207597732543945,-0.5218439102172852,-0.5287957191467285,2.564056634902954,5.5259881019592285,4.143792152404785,3.65255069732666,0.8869996070861816,0.5747599601745605,3.2308242321014404,5.331345558166504,-0.850304126739502,2.508444309234619,2.158550500869751,2.496279239654541,4.6744256019592285,3.416198492050171,2.786505699157715,1.0103893280029297,1.3029327392578125,2.397799253463745,2.6329925060272217,5.76002311706543
0.6935153007507324,0.4641146659851074,0.7288522720336914,-1.033940315246582,1.0434088706970215,-1.9480667114257812,0.5539054870605469,-0.14993715286254883,-0.736182689666748,1.5444986820220947,3.49440336227417,1.680053472518921,2.5327746868133545,0.9165434837341309,2.840959310531616,1.2826576232910156,2.7621753215789795,4.111930847167969,2.6185102462768555,3.3217735290527344,0.0029964447021484375,3.7602992057800293,4.074276924133301,7.555255889892578,5.49818229675293,5.59608268737793,4.92815637588501,2.073394298553467,5.939024925231934,7.898777961730957
0.2735271453857422,-0.5044651031494141,-0.04276752471923828,-0.4488530158996582,-0.45985937118530273,-1.2390103340148926,-0.4135160446166992,-0.7634096145629883,3.232562303543091,3.27774715423584,1.8521039485931396,2.469052314758301,1.64703369140625,-0.06593942642211914,5.892102241516113,0.8922133445739746,1.4888863563537598,2.940018653869629,3.5181541442871094,1.8793308734893799,2.48874831199646,3.818808078765869,2.3392903804779053,3.8089599609375,3.995492935180664,4.089338302612305,0.05976724624633789,6.1104960441589355,0.5776562690734863,3.5639185905456543
-0.45696306228637695,-0.18006038665771484,-0.5311126708984375,0.09915924072265625,-1.5396642684936523,-2.4908652305603027,0.1553511619567871,-0.5455951690673828,1.93204665184021,1.9691214561462402,2.014885663986206,1.7287142276763916,1.4691905975341797,2.5455191135406494,1.7895400524139404,3.0396571159362793,1.7397208213806152,2.276726722717285,-0.8190221786499023,-1.1451644897460938,2.011989116668701,0.8771514892578125,4.075435638427734,3.965369462966919,4.5539326667785645,7.185087203979492,4.111930847167969,1.8127119541168213,2.539146900177002,2.9261155128479004
-0.6979494094848633,-0.32372522354125977,-1.1469025611877441,2.3833167552948,-0.7135906219482422,2.060649871826172,-0.37296533584594727,3.86746883392334,2.7523272037506104,-0.6237998008728027,-1.0084514617919922,2.8351662158966064,3.6664535999298096,1.4917826652526855,0.8354425430297852,-0.02191305160522461,3.6293787956237793,6.420418739318848,2.659640073776245,3.720907211303711,3.134082078933716,1.8961303234100342,3.932929039001465,3.536691665649414,0.7404379844665527,-0.03697490692138672,-0.5438570976257324,-0.5687670707702637,2.695556402206421,1.722921371459961
0.2074875831604004,-1.2616028785705566,0.1408686637878418,1.657461166381836,1.3237876892089844,4.454293727874756,4.648936748504639,1.7513067722320557,2.309746503829956,0.5718636512756348,2.6312546730041504,1.6788949966430664,5.978996276855469,0.5666499137878418,1.6186482906341553,0.2862715721130371,-0.6463923454284668,0.14608240127563477,3.164205551147461,0.6407995223999023,4.1808671951293945,0.2051701545715332,2.2807817459106445,1.4547080993652344,1.498155117034912,-0.6556611061096191,-0.0717325210571289,0.694674015045166,2.3334975242614746,0.26020336151123047
-1.4956378936767578,-0.673619270324707,2.791140079498291,-1.5367674827575684,-0.3219876289367676,-0.2182936668395996,-0.5513882637023926,3.589986801147461,-0.6394410133361816,2.8432765007019043,0.17794322967529297,4.123517036437988,3.692521810531616,0.5932974815368652,0.9553565979003906,1.7345070838928223,3.6763014793395996,4.191873550415039,5.269940376281738,3.1908531188964844,4.048208713531494,5.512085437774658,7.307897567749023,4.049946308135986,2.0235750675201416,0.4670114517211914,2.3589863777160645,1.0011205673217773,5.435039043426514,4.230106830596924
-0.9418325424194336,0.4496326446533203,-0.6400198936462402,-0.32662200927734375,-0.29649877548217773,4.260809421539307,0.9223365783691406,4.814614772796631,1.2502169609069824,6.404777526855469,1.4419636726379395,7.883136749267578,3.657764196395874,5.261250972747803,6.679942607879639,4.089338302612305,-0.34631776809692383,0.13391685485839844,2.4516735076904297,5.25603723526001,3.2053353786468506,4.898033142089844,5.19752836227417,3.1983838081359863,2.5501534938812256,1.7623133659362793,2.8276355266571045,3.766671657562256,3.6183722019195557,2.6202480792999268
0.39286184310913086,1.6499302387237549,4.577683448791504,2.5883870124816895,0.8655657768249512,9.908349990844727,2.7691268920898438,9.926307678222656,2.1000418663024902,-1.9272117614746094,9.429852485656738,7.817676544189453,10.817841529846191,6.564083576202393,3.829235315322876,0.08235979080200195,4.465879440307617,2.0913524627685547,0.951301097869873,1.1320409774780273,3.8361868858337402,4.303098201751709,1.0352988243103027,1.0660014152526855,1.858476161956787,2.3236494064331055,4.415481090545654,4.402736663818359,4.960017681121826,3.9532041549682617
3.0460293292999268,7.92194938659668,-0.40714359283447266,5.495285511016846,0.6205244064331055,13.081144332885742,6.199707508087158,4.90266752243042,9.315731048583984,2.9261155128479004,5.738589286804199,-1.2337965965270996,3.229665756225586,1.369551658630371,-0.9134469032287598,1.6070623397827148,-0.007430553436279297,2.8930957317352295,2.2025768756866455,1.447756290435791,2.1226344108581543,0.3187117576599121,2.3282837867736816,1.5879456996917725,1.9789693355560303,2.338131904602051,2.829373359680176,2.9405977725982666,3.4399495124816895,1.9702799320220947
2.672384738922119,4.727720737457275,-0.3376283645629883,6.870530128479004,8.552801132202148,9.653459548950195,1.392723560333252,8.042442321777344,5.57059383392334,3.428942918777466,-0.9487838745117188,2.74074125289917,1.1274065971374512,-0.643496036529541,3.055877447128296,0.31176042556762695,3.438791036605835,-0.981224536895752,2.2981605529785156,0.9727354049682617,1.3237876892089844,2.1927289962768555,2.0635464191436768,1.0434088706970215,2.0791873931884766,2.1996805667877197,2.437770366668701,1.7095975875854492,3.8286561965942383,0.8099536895751953
4.633296012878418,6.916294574737549,1.4164748191833496,-0.35616588592529297,9.516746520996094,0.5562224388122559,4.7804365158081055,1.9007647037506104,4.992458343505859,3.891798973083496,2.3862133026123047,-0.013223648071289062,0.2364521026611328,-3.1570534706115723,-1.4458184242248535,0.40966129302978516,0.6031455993652344,-0.7321276664733887,1.0381956100463867,0.015161991119384766,1.047464370727539,1.51611328125,-0.6423373222351074,0.04644346237182617,1.657461166381836,2.1475439071655273,1.949425458908081,2.2807817459106445,2.430239677429199,-0.4343705177307129
5.180149555206299,5.2942705154418945,4.35175895690918,0.6361651420593262,-0.03755378723144531,-0.615689754486084,1.0492019653320312,1.3382697105407715,-0.021333694458007812,0.5423197746276855,1.664412498474121,-3.299560070037842,-0.5757184028625488,-1.548353672027588,-1.9538593292236328,1.044567584991455,3.829235315322876,1.3921442031860352,-1.3884682655334473,-0.028864383697509766,2.239651918411255,0.6732401847839355,0.5110378265380859,1.9279913902282715,1.6505095958709717,2.518871545791626,1.566511869430542,2.4389290809631348,0.6419582366943359,0.7103147506713867
6.163211822509766,5.544525623321533,9.936155319213867,4.484996318817139,-0.3544278144836426,0.19300508499145508,0.541161060333252,-0.5062031745910645,1.8793308734893799,-0.12966203689575195,-3.7143349647521973,-2.750389575958252,-1.620765209197998,9.470982551574707,7.057063102722168,1.2311005592346191,-2.8650898933410645,3.3391523361206055,0.0736703872680664,0.11480045318603516,1.4019923210144043,1.0648431777954102,-0.8514623641967773,3.4428460597991943,2.962031841278076,2.577380418777466,3.2482030391693115,4.022719383239746,2.853703737258911,4.2486443519592285
7.095296382904053,10.799882888793945,6.272698402404785,-0.44132232666015625,0.7618722915649414,-0.7767333984375,0.7775130271911621,0.04644346237182617,1.0607881546020508,0.036595821380615234,-2.9595141410827637,-3.3383727073669434,2.0745530128479004,7.639253616333008,8.400445938110352,2.3253872394561768,3.9085986614227295,-0.8074359893798828,6.225775718688965,0.5295748710632324,1.9332051277160645,4.49832010269165,0.26136159896850586,1.5294370651245117,1.571725606918335,0.6906189918518066,2.397799253463745,2.9417564868927,5.368420124053955,2.3062705993652344
6.397826194763184,5.068924903869629,4.852848052978516,0.8140087127685547,0.530733585357666,-0.09432506561279297,-0.670722484588623,2.2384932041168213,-0.31329822540283203,0.35868310928344727,-0.12386894226074219,-2.1432886123657227,3.4063503742218018,6.000430107116699,7.550042152404785,9.837096214294434,7.5923309326171875,4.549877166748047,4.6692118644714355,3.881951093673706,2.8224217891693115,5.3672614097595215,-0.6237998008728027,2.9417564868927,1.4112610816955566,2.5327746868133545,0.7862024307250977,2.4829554557800293,0.855717658996582,-0.4783968925476074
4.417219161987305,5.293111801147461,3.7452375888824463,0.8725171089172363,0.16519880294799805,-2.5024514198303223,3.1607296466827393,2.16839861869812,-0.19859790802001953,5.0295329093933105,2.190991163253784,0.6048831939697266,1.133199691772461,4.012292385101318,5.17030143737793,7.1966729164123535,9.140205383300781,3.2105491161346436,-0.7576169967651367,5.533519268035889,1.687584400177002,3.8008499145507812,-0.20786666870117188,2.604607105255127,1.2311005592346191,2.8606553077697754,0.7833061218261719,3.075573444366455,2.6312546730041504,0.2051701545715332
1.3585453033447266,4.062111854553223,0.4484739303588867,-0.10243511199951172,-2.674501895904541,-10.548269271850586,2.259347915649414,6.614482402801514,3.216921329498291,-0.027126789093017578,-1.3745651245117188,4.862696170806885,5.444887161254883,0.023851394653320312,3.108013868331909,6.21882438659668,8.285746574401855,8.025643348693848,1.231679916381836,3.0014238357543945,1.1117658615112305,2.698452949523926,4.497161865234375,0.8325457572937012,0.35984182357788086,4.26196813583374,1.3521728515625,2.0357401371002197,1.2930850982666016,1.6788949966430664
2.597076416015625,2.18403959274292,-3.0643668174743652,-3.855103015899658,-9.925527572631836,-7.241078853607178,7.928900718688965,9.382929801940918,9.100812911987305,1.3643379211425781,1.9575355052947998,-0.49114131927490234,0.3673725128173828,3.4063503742218018,1.6499302387237549,5.063132286071777,7.487478733062744,7.981616973876953,7.752216339111328,0.6373238563537598,2.486431121826172,2.093090295791626,3.3999781608581543,1.1801223754882812,2.2581892013549805,1.2171974182128906,2.43603253364563,2.2251694202423096,4.126413345336914,0.95941162109375
1.906557559967041,-2.6542258262634277,-3.5144782066345215,-6.802552700042725,-10.713367462158203,-7.438038349151611,6.756988525390625,12.05000114440918,10.108785629272461,5.8086838722229,2.974776268005371,2.440666913986206,2.017782211303711,4.804766654968262,1.3707103729248047,0.7815680503845215,5.341193199157715,6.116289138793945,6.666618824005127,4.760161399841309,0.6436958312988281,-2.097524642944336,-1.6346683502197266,3.7093214988708496,4.5156989097595215,1.1418890953063965,4.2915120124816895,1.1158208847045898,0.04991960525512695,2.224010944366455
