DATA/wind1000hPa_forecast_ECMWF.json
{"header": {"parameterCategory": 2, "parameterNumber": 2, "lo1": -10.0, "la1": 60.0, "dx": 0.125, "dy": 0.125, "nx": 361, "ny": 161, "refTime": "2022-02-17T01:00:00.000000000"}, "data":
[rows 19 to 37 of 161, columns 301 to 343 of 361]
0.9825935363769531,0.6437263488769531,0.2599372863769531,-0.012523651123046875,-0.19514083862304688,-0.3015861511230469,-0.4197502136230469,-0.4949455261230469,-0.5086174011230469,-0.4656486511230469,-0.4343986511230469,-0.4871330261230469,-0.5847892761230469,-0.7693595886230469,-1.0584220886230469,-1.4607658386230469,-1.8386955261230469,-2.045726776123047,-2.155101776123047,-2.213695526123047,-2.196117401123047,-2.117015838623047,-1.9744377136230469,-1.8767814636230469,-1.7566642761230469,-1.6072502136230469,-1.3611564636230469,-1.1785392761230469,-1.1521720886230469,-1.2029533386230469,-1.2283439636230469,-1.2019767761230469,-1.2351799011230469,-1.3396720886230469,-1.3504142761230469,-1.2254142761230469,-0.9920158386230469,-0.9685783386230469,-1.1111564636230469,-1.4383049011230469,-1.6306877136230469,-1.6726799011230469,-1.4470939636230469
1.2423591613769531,0.9786872863769531,0.6378669738769531,0.3068122863769531,0.07243728637695312,-0.11408615112304688,-0.2683830261230469,-0.3865470886230469,-0.4383049011230469,-0.4470939636230469,-0.5916252136230469,-0.7859611511230469,-0.9949455261230469,-1.1052970886230469,-1.1658439636230469,-1.2420158386230469,-1.2703361511230469,-1.4304924011230469,-1.6179924011230469,-1.8865470886230469,-2.004711151123047,-1.9217033386230469,-1.6404533386230469,-1.4129142761230469,-1.3142814636230469,-1.3074455261230469,-1.2332267761230469,-1.1482658386230469,-1.0828361511230469,-1.0935783386230469,-1.1492424011230469,-1.1922111511230469,-1.2468986511230469,-1.2185783386230469,-1.2136955261230469,-1.1453361511230469,-1.3377189636230469,-1.5027580261230469,-1.8103752136230469,-1.8181877136230469,-1.7556877136230469,-1.4392814636230469,-1.1990470886230469
1.4767341613769531,1.3605232238769531,1.1202888488769531,0.7472419738769531,0.3146247863769531,-0.004711151123046875,-0.21662521362304688,-0.3240470886230469,-0.3660392761230469,-0.4343986511230469,-0.5603752136230469,-0.8074455261230469,-1.0154533386230469,-1.2254142761230469,-1.3279533386230469,-1.4607658386230469,-1.4763908386230469,-1.5095939636230469,-1.5564689636230469,-1.7322502136230469,-1.8357658386230469,-1.8152580261230469,-1.5847892761230469,-1.3601799011230469,-1.1863517761230469,-1.1638908386230469,-1.1170158386230469,-1.0838127136230469,-1.0418205261230469,-1.0545158386230469,-1.0808830261230469,-1.1082267761230469,-1.0623283386230469,-0.9754142761230469,-0.8933830261230469,-1.0545158386230469,-1.4129142761230469,-1.9285392761230469,-2.179515838623047,-2.139476776123047,-1.7459220886230469,-1.3816642761230469,-1.1062736511230469
1.7950935363769531,1.7980232238769531,1.5997810363769531,1.2482185363769531,0.6866950988769531,0.2589607238769531,-0.049633026123046875,-0.13752365112304688,-0.15119552612304688,-0.12580490112304688,-0.13166427612304688,-0.13361740112304688,-0.19025802612304688,-0.4373283386230469,-0.8621330261230469,-1.4011955261230469,-1.7996330261230469,-2.025218963623047,-2.033031463623047,-1.9246330261230469,-1.8084220886230469,-1.7312736511230469,-1.6189689636230469,-1.5047111511230469,-1.3689689636230469,-1.2215080261230469,-1.0711174011230469,-0.9500236511230469,-0.8738517761230469,-0.8396720886230469,-0.8679924011230469,-0.9588127136230469,-1.0779533386230469,-1.1287345886230469,-1.1892814636230469,-1.2127189636230469,-1.3924064636230469,-1.4968986511230469,-1.6170158386230469,-1.5164299011230469,-1.3592033386230469,-1.1140861511230469,-0.9168205261230469
2.007984161376953,1.9308357238769531,1.7765388488769531,1.4376716613769531,1.0216560363769531,0.6202888488769531,0.3253669738769531,0.16130447387695312,0.08903884887695312,0.19353103637695312,0.3947029113769531,0.6349372863769531,0.8253669738769531,0.7198982238769531,0.3868904113769531,-0.4490470886230469,-1.2703361511230469,-2.036937713623047,-2.318187713623047,-2.336742401123047,-2.168773651123047,-1.9129142761230469,-1.7088127136230469,-1.5418205261230469,-1.4392814636230469,-1.3113517761230469,-1.1531486511230469,-0.9275627136230469,-0.7224845886230469,-0.5486564636230469,-0.5818595886230469,-0.7332267761230469,-1.0711174011230469,-1.3777580261230469,-1.5808830261230469,-1.5047111511230469,-1.2322502136230469,-0.9373283386230469,-0.7967033386230469,-0.8455314636230469,-0.9256095886230469,-0.7830314636230469,-0.6092033386230469
2.279468536376953,2.149585723876953,1.8575935363769531,1.5880622863769531,1.3136482238769531,1.1163825988769531,0.8204841613769531,0.5431404113769531,0.3488044738769531,0.3497810363769531,0.4620857238769531,0.5997810363769531,0.8361091613769531,0.9982185363769531,1.0509529113769531,0.6437263488769531,0.018726348876953125,-0.8064689636230469,-1.5174064636230469,-2.019359588623047,-2.171703338623047,-2.019359588623047,-1.7449455261230469,-1.4705314636230469,-1.3045158386230469,-1.2283439636230469,-1.1990470886230469,-1.1150627136230469,-1.0467033386230469,-0.9588127136230469,-0.8943595886230469,-0.8455314636230469,-0.8523674011230469,-0.9734611511230469,-1.0584220886230469,-1.1160392761230469,-0.9832267761230469,-0.7947502136230469,-0.6433830261230469,-0.6804924011230469,-0.8172111511230469,-0.8181877136230469,-0.6765861511230469
2.536304473876953,2.440601348876953,2.167163848876953,1.8497810363769531,1.6515388488769531,1.5099372863769531,1.3107185363769531,1.0206794738769531,0.7042732238769531,0.4689216613769531,0.2667732238769531,0.20427322387695312,0.2667732238769531,0.4796638488769531,0.7667732238769531,0.9054450988769531,0.8224372863769531,0.3195075988769531,-0.3592033386230469,-1.0135002136230469,-1.4451408386230469,-1.5154533386230469,-1.3924064636230469,-1.1531486511230469,-1.0281486511230469,-1.0008049011230469,-1.0574455261230469,-1.1697502136230469,-1.3220939636230469,-1.4011955261230469,-1.3758049011230469,-1.1570549011230469,-0.8338127136230469,-0.5183830261230469,-0.3972892761230469,-0.5144767761230469,-0.6912345886230469,-0.7429924011230469,-0.6023674011230469,-0.4568595886230469,-0.4744377136230469,-0.6062736511230469,-0.7605705261230469
2.620288848876953,2.638843536376953,2.412281036376953,2.170093536376953,1.9318122863769531,1.7941169738769531,1.6027107238769531,1.3507575988769531,0.9894294738769531,0.6407966613769531,0.3536872863769531,0.24333572387695312,0.2501716613769531,0.3273200988769531,0.4532966613769531,0.5431404113769531,0.6095466613769531,0.4181404113769531,0.08610916137695312,-0.4021720886230469,-0.7312736511230469,-0.9002189636230469,-0.8806877136230469,-0.7761955261230469,-0.6668205261230469,-0.6160392761230469,-0.6795158386230469,-0.8386955261230469,-1.0525627136230469,-1.2205314636230469,-1.2810783386230469,-1.1804924011230469,-0.8865470886230469,-0.5379142761230469,-0.20588302612304688,-0.14728927612304688,-0.2615470886230469,-0.5086174011230469,-0.5867424011230469,-0.5691642761230469,-0.4968986511230469,-0.6638908386230469,-0.8377189636230469
2.932788848876953,2.755054473876953,2.557788848876953,2.348804473876953,2.182788848876953,2.005054473876953,1.8156013488769531,1.5460700988769531,1.2316169738769531,0.8771247863769531,0.6486091613769531,0.5372810363769531,0.5343513488769531,0.4933357238769531,0.4406013488769531,0.3810310363769531,0.4318122863769531,0.4034919738769531,0.2960700988769531,-0.025218963623046875,-0.3250236511230469,-0.6013908386230469,-0.6843986511230469,-0.6551017761230469,-0.5125236511230469,-0.3924064636230469,-0.4099845886230469,-0.5730705261230469,-0.7664299011230469,-0.8670158386230469,-0.8699455261230469,-0.8474845886230469,-0.7927970886230469,-0.6951408386230469,-0.3699455261230469,-0.11310958862304688,0.054859161376953125,-0.21467208862304688,-0.4793205261230469,-0.7156486511230469,-0.7107658386230469,-0.7429924011230469,-0.8347892761230469
3.358570098876953,3.010913848876953,2.552906036376953,2.260913848876953,2.087085723876953,1.9982185363769531,1.8966560363769531,1.7394294738769531,1.5353279113769531,1.2687263488769531,1.0304450988769531,0.8712654113769531,0.7609138488769531,0.6427497863769531,0.4835700988769531,0.4327888488769531,0.4532966613769531,0.5021247863769531,0.4347419738769531,0.2667732238769531,0.045093536376953125,-0.22639083862304688,-0.4451408386230469,-0.5760002136230469,-0.5525627136230469,-0.5320549011230469,-0.6140861511230469,-0.7615470886230469,-0.7810783386230469,-0.6160392761230469,-0.3152580261230469,-0.20588302612304688,-0.2556877136230469,-0.4607658386230469,-0.4842033386230469,-0.3904533386230469,-0.2830314636230469,-0.3445549011230469,-0.5457267761230469,-0.7078361511230469,-0.7429924011230469,-0.6990470886230469,-0.7049064636230469
3.619312286376953,3.334156036376953,2.860523223876953,2.441577911376953,2.231616973876953,2.115406036376953,2.027515411376953,1.8810310363769531,1.7091560363769531,1.5070075988769531,1.3116950988769531,1.1398200988769531,0.9777107238769531,0.7853279113769531,0.6085700988769531,0.4943122863769531,0.4620857238769531,0.4220466613769531,0.3937263488769531,0.3419685363769531,0.3029060363769531,0.16423416137695312,-0.011547088623046875,-0.17072677612304688,-0.3045158386230469,-0.4529533386230469,-0.6765861511230469,-0.8240470886230469,-0.7879142761230469,-0.5301017761230469,-0.18635177612304688,0.010913848876953125,0.006031036376953125,-0.16682052612304688,-0.3045158386230469,-0.3689689636230469,-0.3875236511230469,-0.4705314636230469,-0.6492424011230469,-0.8289299011230469,-0.9197502136230469,-0.8357658386230469,-0.6287345886230469
3.585132598876953,3.511890411376953,3.185718536376953,2.910327911376953,2.672046661376953,2.479663848876953,2.235523223876953,1.9689216613769531,1.7462654113769531,1.5157966613769531,1.3312263488769531,1.1749763488769531,1.0519294738769531,0.9249763488769531,0.7794685363769531,0.6681404113769531,0.5372810363769531,0.4093513488769531,0.2706794738769531,0.16521072387695312,0.13103103637695312,0.09294509887695312,0.08806228637695312,0.056812286376953125,0.008960723876953125,-0.10139083862304688,-0.2830314636230469,-0.4080314636230469,-0.4246330261230469,-0.3426017761230469,-0.21857833862304688,-0.15119552612304688,-0.10041427612304688,-0.10041427612304688,-0.11213302612304688,-0.16779708862304688,-0.2654533386230469,-0.4051017761230469,-0.5252189636230469,-0.6599845886230469,-0.7293205261230469,-0.7459220886230469,-0.5008049011230469
3.613452911376953,3.413257598876953,3.227710723876953,3.110523223876953,3.054859161376953,2.910327911376953,2.653491973876953,2.268726348876953,1.8458747863769531,1.4962654113769531,1.2716560363769531,1.2150154113769531,1.1652107238769531,1.1007575988769531,0.9864997863769531,0.8722419738769531,0.7404060363769531,0.5675544738769531,0.3712654113769531,0.16325759887695312,-0.013500213623046875,-0.11506271362304688,-0.11603927612304688,-0.012523651123046875,0.060718536376953125,0.09978103637695312,0.09587478637695312,0.10466384887695312,0.07927322387695312,-0.011547088623046875,-0.08478927612304688,-0.10041427612304688,-0.024242401123046875,0.035327911376953125,0.042163848876953125,-0.07502365112304688,-0.2791252136230469,-0.4929924011230469,-0.5760002136230469,-0.5642814636230469,-0.5408439636230469,-0.6179924011230469,-0.6228752136230469
3.717945098876953,3.437671661376953,3.188648223876953,3.085132598876953,3.097827911376953,3.099781036376953,3.003101348876953,2.590015411376953,2.093921661376953,1.5822029113769531,1.3859138488769531,1.2892341613769531,1.2413825988769531,1.1232185363769531,1.0275154113769531,0.9884529113769531,0.9806404113769531,0.9132575988769531,0.7784919738769531,0.4640388488769531,0.14177322387695312,-0.16779708862304688,-0.20490646362304688,-0.14338302612304688,-0.026195526123046875,0.07048416137695312,0.19646072387695312,0.3263435363769531,0.3185310363769531,0.20036697387695312,0.06560134887695312,0.10075759887695312,0.20622634887695312,0.3116950988769531,0.3175544738769531,0.18669509887695312,-0.043773651123046875,-0.4080314636230469,-0.6492424011230469,-0.7595939636230469,-0.6970939636230469,-0.6873283386230469,-0.7176017761230469
4.029468536376953,3.943531036376953,3.724781036376953,3.390796661376953,3.115406036376953,3.054859161376953,3.111499786376953,3.009937286376953,2.630054473876953,2.152515411376953,1.7931404113769531,1.5382575988769531,1.2911872863769531,1.0695075988769531,0.9435310363769531,0.9601325988769531,1.0109138488769531,1.0284919738769531,0.9904060363769531,0.7960700988769531,0.5050544738769531,0.22282791137695312,0.08806228637695312,0.09782791137695312,0.08122634887695312,0.09294509887695312,0.13396072387695312,0.2531013488769531,0.3380622863769531,0.3312263488769531,0.3458747863769531,0.3488044738769531,0.3781013488769531,0.2784919738769531,0.22478103637695312,0.14860916137695312,0.032398223876953125,-0.2644767761230469,-0.5984611511230469,-0.8289299011230469,-0.8133049011230469,-0.6902580261230469,-0.5496330261230469
4.111499786376953,4.149585723876953,4.102710723876953,3.814624786376953,3.554859161376953,3.374195098876953,3.410327911376953,3.242359161376953,2.923023223876953,2.447437286376953,2.059741973876953,1.7159919738769531,1.3839607238769531,1.1007575988769531,0.8820075988769531,0.8009529113769531,0.7423591613769531,0.8185310363769531,0.9347419738769531,1.0294685363769531,0.9738044738769531,0.7628669738769531,0.6114997863769531,0.4757575988769531,0.3634529113769531,0.22478103637695312,0.19646072387695312,0.23845291137695312,0.3195075988769531,0.3263435363769531,0.3263435363769531,0.3175544738769531,0.22380447387695312,0.15935134887695312,0.09685134887695312,0.13298416137695312,0.061695098876953125,-0.14240646362304688,-0.4607658386230469,-0.7595939636230469,-0.8787345886230469,-0.7996330261230469,-0.5427970886230469
4.187671661376953,4.036304473876953,3.996265411376953,4.002124786376953,3.971851348876953,3.885913848876953,3.680835723876953,3.392749786376953,2.946460723876953,2.535327911376953,2.152515411376953,1.8361091613769531,1.4972419738769531,1.1573982238769531,0.8497810363769531,0.5861091613769531,0.4454841613769531,0.4923591613769531,0.7843513488769531,1.0499763488769531,1.1954841613769531,1.1407966613769531,1.0011482238769531,0.7775154113769531,0.5245857238769531,0.3624763488769531,0.3273200988769531,0.3898200988769531,0.3722419738769531,0.2892341613769531,0.16618728637695312,0.06950759887695312,0.024585723876953125,0.052906036376953125,0.16911697387695312,0.19255447387695312,0.10466384887695312,-0.15803146362304688,-0.4021720886230469,-0.6736564636230469,-0.8660392761230469,-0.8748283386230469,-0.6853752136230469
4.704273223876953,4.377124786376953,4.163257598876953,4.091968536376953,4.069507598876953,3.957202911376953,3.756031036376953,3.436695098876953,3.099781036376953,2.752124786376953,2.404468536376953,2.024585723876953,1.6320075988769531,1.2394294738769531,0.8761482238769531,0.5675544738769531,0.3458747863769531,0.4220466613769531,0.6300544738769531,0.9572029113769531,1.2306404113769531,1.3761482238769531,1.3790779113769531,1.0382575988769531,0.6515388488769531,0.3009529113769531,0.22478103637695312,0.23942947387695312,0.2657966613769531,0.22868728637695312,0.17399978637695312,0.12028884887695312,0.07439041137695312,0.07634353637695312,0.036304473876953125,-0.059398651123046875,-0.3015861511230469,-0.4578361511230469,-0.5349845886230469,-0.5525627136230469,-0.6150627136230469,-0.6756095886230469,-0.5974845886230469
4.845874786376953,4.580249786376953,4.376148223876953,4.245288848876953,4.157398223876953,4.071460723876953,3.869312286376953,3.575366973876953,3.228687286376953,2.908374786376953,2.590015411376953,2.247241973876953,1.8419685363769531,1.4308357238769531,1.0411872863769531,0.6866950988769531,0.4679450988769531,0.4152107238769531,0.5558357238769531,0.8566169738769531,1.1622810363769531,1.4200935363769531,1.4728279113769531,1.2833747863769531,0.9406013488769531,0.5558357238769531,0.3116950988769531,0.19450759887695312,0.19157791137695312,0.24333572387695312,0.2599372863769531,0.20232009887695312,0.08513259887695312,-0.015453338623046875,-0.12189865112304688,-0.3191642761230469,-0.5330314636230469,-0.6912345886230469,-0.6355705261230469,-0.5476799011230469,-0.4949455261230469,-0.4978752136230469,-0.5056877136230469
