DATA/wind10m_forecast.json
{"header": {"parameterCategory": 2, "parameterNumber": 2, "lo1": 5.498000144958496, "la1": 51.819000244140625, "dx": 0.559999942779541, "dy": 0.3600006103515625, "nx": 30, "ny": 25, "refTime": "2024-04-03T04:00:00.000000000"}, "data":
[rows 0 to 24 of 25, columns 0 to 29 of 30]
0.32213854789733887,0.2930152416229248,0.35050535202026367,0.6281219720840454,1.2264727354049683,2.6875529289245605,3.1452040672302246,0.9613374471664429,0.900443434715271,3.021146535873413,3.52305006980896,2.6622118949890137,3.036653757095337,4.744714260101318,4.87520170211792,4.267773628234863,4.810147285461426,6.209955215454102,5.902836799621582,3.416012763977051,6.060556411743164,7.141142845153809,6.908913612365723,7.4202728271484375,7.480409622192383,5.309781074523926,7.8968353271484375,6.771617889404297,6.417599678039551,6.745141983032227
-0.07802271842956543,-0.46494603157043457,-0.5262184143066406,-0.21834373474121094,1.2298766374588013,1.7949436902999878,2.904653549194336,1.4242839813232422,2.2559990882873535,2.8509457111358643,1.858107089996338,3.8388671875,3.642947196960449,4.310513019561768,5.103649139404297,5.0385942459106445,4.577539443969727,4.416415691375732,6.046562194824219,4.551819801330566,6.057530403137207,4.053698539733887,4.508702278137207,4.511349678039551,3.8471882343292236,5.17097282409668,5.2632598876953125,6.601038932800293,6.847262382507324,6.691056251525879
-0.34618353843688965,-1.20021390914917,-1.3881912231445312,-1.2319846153259277,0.8104259967803955,1.7960783243179321,0.6946893930435181,1.4708055257797241,1.2540830373764038,3.9920482635498047,2.569546937942505,2.231414318084717,2.9228081703186035,2.669398069381714,5.419844627380371,3.76133131980896,4.820737361907959,6.567377090454102,6.978884696960449,8.206600189208984,5.610091209411621,6.193313121795654,5.384291648864746,5.189884185791016,5.302216529846191,7.569293022155762,5.180807113647461,5.624085426330566,4.637298583984375,5.940280914306641
0.37925052642822266,1.1633092164993286,-0.22666478157043457,-1.6847193241119385,-0.6688089370727539,0.7843285799026489,0.5547465085983276,1.7181642055511475,1.9730873107910156,-0.11660146713256836,2.1553914546966553,1.8709666728973389,2.6001830101013184,4.243188858032227,4.766651153564453,4.523831367492676,2.4780166149139404,2.5582001209259033,1.7745195627212524,3.291576862335205,4.916049957275391,5.095328330993652,5.969782829284668,4.241297721862793,4.709918022155762,4.2140655517578125,4.692897796630859,5.899433135986328,4.107784748077393,6.045427322387695
0.10352492332458496,-0.5965681076049805,0.40345680713653564,-0.3828713893890381,-1.2879619598388672,-0.2032148838043213,0.7472625970840454,0.9636068344116211,2.692847967147827,-1.0958240032196045,0.4216115474700928,2.195861339569092,2.083906888961792,3.320700168609619,2.3437469005584717,4.1335039138793945,2.0025887489318848,2.4908761978149414,1.4000775814056396,0.9076296091079712,3.5287234783172607,5.170594692230225,4.472771167755127,3.026819944381714,4.158844947814941,3.3449065685272217,5.672876358032227,4.955007076263428,5.641105651855469,5.167569160461426
0.7260820865631104,0.03128409385681152,-0.7089006900787354,-0.5780351161956787,-0.03377032279968262,-1.5186786651611328,-0.1230313777923584,0.47985804080963135,0.6806951761245728,1.4662668704986572,1.119057059288025,-0.6472501754760742,2.708355188369751,3.947795867919922,1.8165024518966675,2.769249200820923,3.150120973587036,3.7246437072753906,4.315808296203613,2.901249408721924,3.8173084259033203,5.037081718444824,3.6796350479125977,2.7529854774475098,3.8305463790893555,6.86390495300293,5.787478446960449,5.360841751098633,4.584347248077393,5.685736179351807
-0.07121467590332031,0.1901383399963379,1.0059679746627808,1.1769253015518188,0.26162266731262207,0.3077659606933594,0.1152498722076416,-0.05911135673522949,1.4027252197265625,0.4813709259033203,-0.916923999786377,1.768467903137207,0.7438585758209229,1.3550689220428467,1.9363994598388672,2.9912667274475098,2.9969401359558105,4.608931541442871,3.7477152347564697,4.717482089996338,2.2745320796966553,-1.2508959770202637,2.094119071960449,3.668666362762451,3.274935007095337,4.148633003234863,2.679610013961792,2.5010883808135986,3.9697327613830566,4.419441223144531
0.8334977626800537,1.1652003526687622,2.811610221862793,0.39513587951660156,-0.29134106636047363,-0.9800872802734375,-1.602644443511963,0.002160787582397461,-0.6846942901611328,0.4057260751724243,0.17425298690795898,0.9049820899963379,0.7642827033996582,0.29944515228271484,3.4735026359558105,1.9961589574813843,0.1651754379272461,2.147826910018921,3.8407583236694336,2.8838510513305664,0.9598245620727539,4.2072577476501465,0.6451420783996582,3.1221323013305664,2.4613747596740723,1.9413163661956787,4.607419013977051,3.5120816230773926,2.4371683597564697,0.2094278335571289
1.6243646144866943,-0.07802271842956543,0.8834233283996582,2.2684803009033203,0.4741847515106201,0.5059555768966675,-0.5462641716003418,-1.1529357433319092,-0.7126829624176025,-1.670724630355835,0.9984034299850464,-0.7073876857757568,-2.3867032527923584,-1.6249597072601318,-0.9755487442016602,1.4515161514282227,1.4503813982009888,2.231792688369751,3.148986339569092,1.9897291660308838,3.7174572944641113,1.4972811937332153,3.8460536003112793,1.6012928485870361,1.0880426168441772,5.203500270843506,4.397504806518555,3.3346943855285645,-0.15215468406677246,-0.6646482944488525
0.12508368492126465,0.11789751052856445,1.164443850517273,2.019230604171753,0.7381851673126221,1.0468162298202515,-0.35526108741760254,-0.6695652008056641,1.3558253049850464,0.3002016544342041,0.8406839370727539,-0.3242466449737549,1.0199623107910156,1.0721571445465088,-0.8704023361206055,0.501416802406311,0.7188957929611206,3.538935661315918,3.1739492416381836,1.8891215324401855,2.9961838722229004,2.453810214996338,-0.07840085029602051,2.5971572399139404,3.9731369018554688,3.478041410446167,1.3406963348388672,0.36487793922424316,1.3009828329086304,4.100598335266113
-0.5213015079498291,0.5498296022415161,0.9371311664581299,3.19437313079834,-0.3030660152435303,1.2162606716156006,0.0868830680847168,0.9269191026687622,0.21699213981628418,0.01804637908935547,0.23401236534118652,0.3735771179199219,1.1519625186920166,0.12848782539367676,0.3818979263305664,-0.007294654846191406,-0.3964874744415283,0.9121683835983276,1.6708860397338867,2.692847967147827,1.7514479160308838,-0.18657302856445312,3.56541109085083,2.4757473468780518,0.09369111061096191,1.3270803689956665,1.5146795511245728,2.64670467376709,3.098304271697998,3.0612382888793945
1.0199623107910156,0.024476051330566406,0.6708613634109497,0.8350106477737427,-1.4033203125,0.20299792289733887,0.0494389533996582,-0.01523733139038086,-0.18241262435913086,0.2945282459259033,0.004430294036865234,0.8210163116455078,-0.28566765785217285,1.2491661310195923,-1.9139230251312256,1.4273097515106201,0.6421163082122803,1.0914466381072998,1.5907025337219238,1.1012804508209229,2.8195531368255615,2.2435176372528076,3.265101194381714,3.204585313796997,3.3403677940368652,2.4144749641418457,3.4545915126800537,1.4889602661132812,4.0850911140441895,4.01474142074585
1.3267021179199219,1.536616563796997,0.3024709224700928,-0.3276505470275879,-0.9131417274475098,-0.49406933784484863,0.3304595947265625,0.9227585792541504,-1.6226904392242432,-1.049302339553833,-0.6007285118103027,0.9473432302474976,-0.395352840423584,-0.6203961372375488,1.9443422555923462,1.5177053213119507,-0.4256107807159424,1.1440198421478271,1.909545660018921,1.898577094078064,2.2715060710906982,1.411046028137207,3.1962642669677734,1.5010634660720825,1.3021174669265747,2.2359530925750732,3.1035995483398438,3.372138500213623,2.738234758377075,1.9655227661132812
1.6103702783584595,1.9280786514282227,0.6788040399551392,2.4655351638793945,0.19278597831726074,0.37055134773254395,0.5210845470428467,0.48477494716644287,-1.0315258502960205,1.2866103649139404,2.9322638511657715,5.138823986053467,0.24422430992126465,0.380385160446167,-1.3144376277923584,-0.4891524314880371,-0.15707159042358398,2.4012370109558105,0.28129029273986816,0.7026321887969971,1.4810175895690918,-0.10752415657043457,1.710599660873413,2.888768196105957,3.5249412059783936,1.7060610055923462,2.840355396270752,2.26129412651062,2.36038875579834,1.0596758127212524
1.8656716346740723,2.2650763988494873,0.2449808120727539,-0.13626909255981445,-0.7308375835418701,1.1152747869491577,-2.3261873722076416,-0.527353048324585,-0.7898406982421875,-0.3469400405883789,-0.13097405433654785,0.2574622631072998,-1.4434120655059814,0.2589750289916992,0.10390329360961914,0.9023345708847046,-0.8083736896514893,3.1905910968780518,0.2661614418029785,1.3187594413757324,1.4068856239318848,-0.843170166015625,0.7241909503936768,2.0177178382873535,3.223496437072754,3.082040786743164,2.415231466293335,2.5680339336395264,1.5195964574813843,-0.29777097702026367
1.389865517616272,2.5555524826049805,-0.5311353206634521,1.4859344959259033,0.78281569480896,-1.5716300010681152,-0.4483041763305664,1.7926743030548096,-1.75431227684021,-0.5171408653259277,0.0335536003112793,0.758987545967102,0.644385576248169,1.1307820081710815,-1.049302339553833,-0.6601097583770752,1.8380612134933472,0.9507472515106201,1.2658079862594604,1.4477338790893555,0.24271154403686523,0.41102123260498047,1.1232174634933472,1.9647663831710815,0.5312966108322144,0.6417380571365356,1.8463821411132812,1.4322266578674316,1.1943236589431763,1.0748047828674316
0.32213854789733887,-0.03868722915649414,-0.3579084873199463,0.22796082496643066,2.924699306488037,-1.210425853729248,-1.0239613056182861,-0.949073076248169,0.5112507343292236,0.8970394134521484,1.1504496335983276,-0.646493673324585,-1.448707103729248,-1.6294982433319092,-3.052377939224243,-0.18657302856445312,0.20375442504882812,1.70076584815979,1.1269997358322144,1.801751732826233,-0.22704291343688965,-0.7558004856109619,-0.5829520225524902,2.4364118576049805,1.1130053997039795,2.3558502197265625,2.3078157901763916,1.628146767616272,0.30965709686279297,-0.8545169830322266
-1.400294542312622,0.6704831123352051,-1.486907720565796,1.1636874675750732,-1.1801679134368896,-0.6067800521850586,-0.20359301567077637,0.012372970581054688,-0.06478476524353027,0.4219897985458374,2.1637122631073,-0.3775761127471924,-1.2629990577697754,-1.6370627880096436,-0.9086029529571533,-1.5372116565704346,-0.8601903915405273,3.285525321960449,0.3444538116455078,0.7026321887969971,1.7314019203186035,0.6012680530548096,-0.8276629447937012,0.5218409299850464,2.115677833557129,1.542668104171753,1.7843533754348755,1.0335782766342163,0.6175316572189331,-0.8098864555358887
-0.47024106979370117,0.7525577545166016,1.4223928451538086,0.14399504661560059,-0.6052672863006592,-1.9048454761505127,-1.2418184280395508,-0.16652703285217285,-2.6389787197113037,-2.524376630783081,-0.9347004890441895,-1.4800996780395508,0.09898638725280762,0.6670790910720825,-0.1941375732421875,-0.8617031574249268,-1.715733289718628,3.842649459838867,0.04111790657043457,0.62850022315979,-0.9536116123199463,-0.06327199935913086,0.541508674621582,0.6235833168029785,1.1686043739318848,2.129293918609619,-0.015993833541870117,0.5604197978973389,-0.6952846050262451,0.9072514772415161
-1.635549783706665,2.1054656505584717,1.14023756980896,-0.07650971412658691,-0.9188151359558105,-1.2403056621551514,-1.7418310642242432,2.109247922897339,-1.8344957828521729,0.6307694911956787,0.1080636978149414,1.1451544761657715,-0.7713077068328857,1.9190012216567993,1.389865517616272,-1.4759392738342285,-0.1903553009033203,2.9035189151763916,1.803642749786377,0.44695258140563965,-0.4558687210083008,-0.10109424591064453,1.2843409776687622,0.9174635410308838,-0.5337827205657959,-0.7138175964355469,0.4287978410720825,0.6224485635757446,-0.36244726181030273,-0.6151010990142822
-2.6321709156036377,-0.1672835350036621,0.3395369052886963,1.7060610055923462,2.33164381980896,-0.6185050010681152,-2.192295789718628,1.2476532459259033,2.0460846424102783,-0.3881664276123047,-1.6786673069000244,-0.6215307712554932,0.6784257888793945,2.705707550048828,2.7866475582122803,2.5971572399139404,-1.4309306144714355,-1.1589875221252441,0.22606968879699707,0.8062655925750732,-1.5489366054534912,1.9371559619903564,-0.8424136638641357,-1.9978888034820557,0.911790132522583,1.9087891578674316,0.7778987884521484,0.9995381832122803,0.14664244651794434,1.3437222242355347
-1.9804904460906982,-2.6866352558135986,-1.1850848197937012,2.0075056552886963,2.5362632274627686,0.21056246757507324,1.238197684288025,0.07515811920166016,-0.6007285118103027,1.9023593664169312,1.1504496335983276,4.243188858032227,1.4757224321365356,1.5782212018966675,4.630868911743164,3.059725522994995,2.0570530891418457,-3.9911301136016846,-0.9793310165405273,-0.46721529960632324,0.5653367042541504,0.4745628833770752,2.212125062942505,1.6065880060195923,1.341831088066101,1.0161800384521484,1.8414652347564697,3.0797712802886963,-1.0292565822601318,1.8834481239318848
-3.0920913219451904,-1.1831936836242676,1.0513548851013184,0.5150328874588013,1.559309959411621,6.6668500900268555,5.805254936218262,5.569999694824219,1.7495567798614502,0.025610685348510742,-0.7622301578521729,3.075610876083374,2.0313339233398438,3.277960777282715,1.7510696649551392,3.1104073524475098,1.4571894407272339,1.505980372428894,-2.627253770828247,-3.6129062175750732,0.3361327648162842,0.34369730949401855,1.7896485328674316,-1.267915964126587,-0.379467248916626,2.5740854740142822,1.7211899757385254,2.563873529434204,0.9480996131896973,3.642947196960449
-1.5810856819152832,-2.2781527042388916,-0.4222066402435303,3.9409878253936768,6.228487968444824,5.402068138122559,6.111238479614258,6.231135368347168,6.276522636413574,-0.6782643795013428,-1.2989304065704346,-1.6226904392242432,-0.9468035697937012,2.740125894546509,1.1239739656448364,-0.2047276496887207,-1.6722376346588135,-1.638575792312622,-3.400344133377075,-2.1900265216827393,0.6912853717803955,-1.512627124786377,-0.48499178886413574,1.5543930530548096,-1.1495318412780762,0.9250279664993286,2.4689393043518066,0.042630910873413086,1.4061291217803955,-2.971059560775757
-4.417011260986328,0.45640814304351807,-0.7406713962554932,3.210636854171753,3.9825925827026367,3.6221446990966797,5.922504425048828,2.8706133365631104,-0.27129530906677246,-1.6589996814727783,0.543021559715271,-1.1238126754760742,-0.68204665184021,-1.4135322570800781,2.7779483795166016,-0.34429240226745605,-2.163551092147827,-2.0909321308135986,-4.541068077087402,-3.699519395828247,-1.3095207214355469,-0.8809926509857178,-1.7304842472076416,0.17727875709533691,-0.20359301567077637,0.62850022315979,2.875152111053467,0.8652685880661011,1.9640098810195923,-0.7478578090667725
