DATA/wind10m.json
{"header": {"parameterCategory": 2, "parameterNumber": 2, "lo1": 5.498000144958496, "la1": 51.819000244140625, "dx": 0.559999942779541, "dy": 0.3600006103515625, "nx": 30, "ny": 25, "refTime": "2024-03-28T09:00:00.000000000"}, "data":
[rows 0 to 24 of 25, columns 0 to 29 of 30]
0.9441423416137695,0.9529821872711182,2.842097759246826,2.736020088195801,3.8539938926696777,2.658021926879883,2.147913932800293,1.7064443826675415,0.7491469383239746,2.7110610008239746,2.522305488586426,3.393284797668457,2.8868165016174316,4.403621196746826,4.473299503326416,4.051589488983154,4.299623489379883,4.9490885734558105,4.227865219116211,3.484802722930908,6.620849132537842,7.734663009643555,0.20003986358642578,-1.2923250198364258,-0.3308676481246948,0.4303944706916809,-0.4145856499671936,-2.0587868690490723,-0.585141658782959,0.23851895332336426
0.7761863470077515,0.22135937213897705,0.7241876125335693,3.831634521484375,4.154026985168457,1.7605232000350952,0.9893813133239746,1.0081008672714233,0.8125854730606079,1.7688430547714233,2.2139525413513184,3.2112889289855957,3.3345260620117188,4.005830764770508,5.065565586090088,4.746293067932129,4.1821064949035645,3.6511988639831543,4.633455753326416,3.649639129638672,6.9193220138549805,2.719900608062744,2.278430938720703,-0.5731819272041321,1.2483352422714233,-0.3298276662826538,-0.7749372124671936,-2.1575846672058105,-1.7748737335205078,-2.002108335494995
2.089155673980713,2.470306396484375,0.8016657829284668,0.5546715259552002,1.6482058763504028,-0.14523199200630188,1.5312086343765259,2.1042351722717285,2.607583522796631,1.8941601514816284,1.2478152513504028,3.3948450088500977,2.898256301879883,2.951815128326416,5.0988450050354,3.362605571746826,2.9320554733276367,3.966831684112549,4.994847297668457,5.587113380432129,4.936608791351318,5.46803617477417,5.081165313720703,-0.0661938488483429,0.06068319082260132,1.2831743955612183,-0.9558929204940796,-1.631877064704895,-1.6095175743103027,-2.551215410232544
6.720686912536621,2.828577995300293,1.6388460397720337,0.27907800674438477,0.6519092321395874,0.2681582570075989,0.8562644720077515,2.3959484100341797,2.131274700164795,1.4084914922714233,0.8755040168762207,1.5379685163497925,2.162993907928467,3.745316505432129,2.709500789642334,1.7683230638504028,1.5218487977981567,1.713204264640808,2.1432342529296875,3.8113551139831543,5.564754009246826,5.670831203460693,3.703197479248047,0.46887362003326416,0.8666641712188721,1.4225311279296875,0.3170371651649475,-2.671332836151123,-1.6178374290466309,-3.5293126106262207
3.259647846221924,3.2471680641174316,3.4213643074035645,2.641902446746826,1.3544127941131592,1.418891191482544,1.7542833089828491,4.088508605957031,2.0537962913513184,0.8874636888504028,-0.2830287516117096,1.0424200296401978,-0.48114410042762756,1.7220441102981567,2.8920164108276367,4.51749849319458,3.2918872833251953,2.9523353576660156,3.2970871925354004,3.900272846221924,3.082332134246826,4.271544456481934,5.304759979248047,1.578527569770813,3.5201621055603027,2.242551803588867,1.2566550970077515,-2.7815699577331543,-0.9018142223358154,-1.9776688814163208
3.3823652267456055,3.7078776359558105,5.056205749511719,3.7983555793762207,1.3263334035873413,2.712620735168457,1.251975178718567,3.6361193656921387,3.654839038848877,1.6274062395095825,1.1094985008239746,-0.930413544178009,-0.19671079516410828,2.2357921600341797,1.4740098714828491,2.0517163276672363,2.2212324142456055,3.2487282752990723,4.014670372009277,2.778139114379883,3.605959892272949,2.87589693069458,4.860170364379883,2.535824775695801,2.1208748817443848,4.089548587799072,1.947198748588562,-1.3989224433898926,-0.37818652391433716,1.0621795654296875
4.848730564117432,5.165403366088867,4.048989772796631,4.487339019775391,4.7213335037231445,-1.1482884883880615,1.7085243463516235,1.4012116193771362,3.4510035514831543,2.480706214904785,0.8947435617446899,0.4309144616127014,-0.24142974615097046,0.855744481086731,2.4068679809570312,1.6445659399032593,2.40634822845459,3.2632880210876465,2.7438201904296875,2.947655200958252,2.0095973014831543,2.607583522796631,2.873816967010498,2.9596152305603027,0.7871060371398926,2.123474597930908,2.9320554733276367,-2.613093852996826,-1.6006778478622437,-0.214390367269516
5.781068801879883,5.0250067710876465,5.533034801483154,3.538881301879883,3.54616117477417,2.98561429977417,1.052819848060608,1.1609772443771362,3.239368438720703,1.3606525659561157,1.4537304639816284,0.14908111095428467,-0.7104586958885193,1.666925311088562,0.4189547300338745,0.19951987266540527,1.6336461305618286,2.4739465713500977,2.619022846221924,1.904039740562439,1.1302980184555054,2.746419906616211,2.8504176139831543,1.4303309917449951,1.5535680055618286,3.0766124725341797,1.303973913192749,0.9867813587188721,-0.9746124744415283,-0.7676573991775513
5.1175642013549805,4.967288017272949,7.422670364379883,5.2808403968811035,1.900919795036316,4.291823863983154,2.6497020721435547,1.504689335823059,2.7282204627990723,2.5529847145080566,2.2810311317443848,-1.0947296619415283,-2.8658080101013184,-2.538735866546631,-1.7275547981262207,2.3278298377990723,0.8323450088500977,1.2904542684555054,2.7459001541137695,1.4360507726669312,0.9171030521392822,1.5707277059555054,0.7637066841125488,0.07108289003372192,0.7059880495071411,0.858864426612854,3.9163928031921387,2.9923744201660156,0.6477493047714233,-0.6568999886512756
4.644895553588867,5.120164394378662,5.084285259246826,4.648535251617432,1.4989694356918335,3.48740291595459,4.281424045562744,3.0979318618774414,4.473819732666016,1.61544668674469,1.1365379095077515,-1.2153668403625488,-1.9391897916793823,-1.9906686544418335,-1.347963809967041,-1.351603627204895,0.8536645174026489,1.866080641746521,0.48395323753356934,1.8764804601669312,1.2067362070083618,1.132897973060608,2.5940637588500977,0.6888283491134644,2.021556854248047,2.1739134788513184,2.706380844116211,1.5925670862197876,3.2154488563537598,3.3002071380615234
3.6667985916137695,4.656335353851318,4.28610372543335,5.495075702667236,1.2202558517456055,6.286497116088867,3.2346887588500977,3.1400508880615234,1.872320532798767,1.1703370809555054,0.019084155559539795,-1.1358087062835693,-2.393139123916626,-1.667756199836731,-0.668339729309082,-2.6739325523376465,-1.9657092094421387,-0.27574893832206726,1.4110914468765259,-1.3178044557571411,-1.5143598318099976,1.2062162160873413,3.084412097930908,4.060949325561523,2.9060564041137695,2.6091432571411133,2.7562999725341797,3.0916919708251953,3.942391872406006,4.067708969116211
3.532641887664795,4.039109706878662,4.370862007141113,4.315743446350098,3.861273765563965,5.218441963195801,2.6533422470092773,6.613569259643555,5.820067882537842,0.9488222599029541,-0.010035157203674316,0.16884064674377441,0.7059880495071411,-2.2683420181274414,-2.2501425743103027,1.2108961343765259,-0.04071444272994995,1.5540879964828491,1.1926965713500977,-0.0006753802299499512,1.860880732536316,3.285647392272949,5.202322483062744,4.775412559509277,3.540961265563965,3.5763206481933594,3.0261735916137695,6.37801456451416,6.0005035400390625,5.106644630432129
4.019350051879883,3.704237461090088,4.8383307456970215,5.370278358459473,0.6487892866134644,-0.02459484338760376,2.7542200088500977,8.452245712280273,5.184642791748047,2.6491823196411133,-0.3802664875984192,0.009204387664794922,-0.7489378452301025,-2.2875816822052,2.357469081878662,0.19172006845474243,-1.0167315006256104,0.5957505702972412,1.6435259580612183,2.029876708984375,2.824418067932129,5.474795818328857,6.733686447143555,3.501962184906006,4.278824329376221,5.167483329772949,5.884546279907227,5.327639579772949,5.5590338706970215,2.3106703758239746
3.8987131118774414,4.313143253326416,4.441060543060303,2.797898769378662,1.6913648843765259,-0.19099092483520508,1.9674783945083618,6.503851890563965,-0.3958660960197449,-2.040067434310913,3.3896450996398926,6.585489749908447,2.479666233062744,2.937255382537842,2.860297203063965,3.5279617309570312,0.2421588897705078,4.887209892272949,3.2736878395080566,2.603943347930908,5.0681657791137695,6.138820648193359,5.2683610916137695,7.4840288162231445,6.986920356750488,5.011487007141113,6.630208969116211,4.350062370300293,4.136867523193359,3.801995277404785
4.059389114379883,5.124324321746826,0.1735205054283142,3.633519172668457,0.4881131649017334,4.453539848327637,2.0558762550354004,-0.06723383069038391,-0.14783194661140442,-0.306948184967041,-0.6698996424674988,-1.508639931678772,-0.7166985869407654,0.38047564029693604,2.3148303031921387,4.31730318069458,2.289350986480713,6.094101428985596,3.587240219116211,3.511322021484375,4.371901988983154,5.931865215301514,5.924585342407227,6.293256759643555,5.928225517272949,5.502875328063965,4.552857875823975,4.330822944641113,4.4582200050354,4.124387741088867
3.679798126220703,4.23722505569458,5.210122108459473,4.494099140167236,1.3445329666137695,-0.5794218182563782,-1.7655138969421387,3.0599727630615234,-3.965062141418457,1.777682900428772,0.9363425970077515,0.7725464105606079,-1.6079576015472412,-1.5793583393096924,0.9051432609558105,5.302160263061523,3.561760902404785,-0.7952167391777039,6.475772380828857,5.735829830169678,5.233521461486816,5.289160251617432,6.242298126220703,5.047366142272949,5.381718158721924,4.7488932609558105,4.6688151359558105,5.5834736824035645,3.685518264770508,4.970927715301514
2.748499870300293,2.135434627532959,2.9356956481933594,0.7928259372711182,1.8161619901657104,1.9497987031936646,-0.7021389007568359,0.6519092321395874,0.15428096055984497,0.9639018774032593,-0.5497825145721436,-2.4830970764160156,-0.828495979309082,-1.2013272047042847,1.4833697080612183,2.250351905822754,2.02467679977417,3.6132397651672363,3.983470916748047,6.5620903968811035,4.9048895835876465,4.353182315826416,5.928745269775391,6.335896015167236,3.243528366088867,4.931408882141113,7.75858211517334,5.895466327667236,4.75773286819458,3.732837200164795
2.3527894020080566,1.902999758720398,2.8176584243774414,0.7231476306915283,1.3107337951660156,-0.8414956331253052,-1.228886604309082,-1.8825111389160156,-1.4072422981262207,-2.251702308654785,-3.0649633407592773,-2.0785465240478516,-2.1321053504943848,2.321589946746826,2.9720945358276367,1.814602017402649,2.022596836090088,5.207522392272949,3.2674479484558105,5.895986080169678,3.5908803939819336,3.999070644378662,3.713597297668457,5.104564666748047,5.302160263061523,6.64840841293335,7.384191036224365,6.347855567932129,4.641775608062744,3.6413192749023438
0.9467422962188721,1.2467752695083618,6.580289840698242,1.0491799116134644,1.4724498987197876,-0.5596622824668884,0.12516164779663086,-3.2807583808898926,-1.949069619178772,-5.281671047210693,-5.469906806945801,-1.225766658782959,-0.38234642148017883,1.3367332220077515,2.7594199180603027,0.376315712928772,1.7184041738510132,5.536674499511719,3.8940329551696777,5.401477813720703,3.769756317138672,3.2851271629333496,4.1873064041137695,4.515938758850098,5.355718612670898,5.4654364585876465,6.317176342010498,4.611616134643555,2.8301382064819336,2.6741418838500977
3.9819111824035645,3.110931396484375,2.2961106300354004,-0.6314205527305603,1.4672499895095825,1.2758946418762207,1.6695252656936646,0.8271450996398926,-1.880951166152954,-5.085635662078857,-4.148617744445801,-3.535552501678467,-2.2069835662841797,-3.5438718795776367,-1.0338910818099976,1.1926965713500977,-1.5985978841781616,4.367221832275391,2.5878238677978516,2.8405380249023438,3.2840871810913086,3.2060890197753906,4.632936000823975,3.536801338195801,2.99601411819458,5.913665771484375,4.811291694641113,3.3745651245117188,3.610640048980713,2.1125550270080566
1.3466129302978516,0.9285427331924438,5.124844074249268,1.137057900428772,0.2811579704284668,1.4090114831924438,1.1604572534561157,3.470242977142334,2.0407967567443848,1.4110914468765259,-0.21023046970367432,-3.925023078918457,-3.550111770629883,-1.6765960454940796,-3.856904983520508,-0.4665844440460205,0.5687111616134644,0.7839862108230591,1.502609372138977,3.488442897796631,-1.2652857303619385,3.496762752532959,2.8415780067443848,0.6243499517440796,2.5290651321411133,3.0110936164855957,5.5231547355651855,3.148890495300293,3.7869157791137695,3.3631253242492676
1.9612385034561157,-0.3454272747039795,3.7499966621398926,2.0116772651672363,1.2088161706924438,3.163450241088867,4.659975051879883,3.977231025695801,0.7345873117446899,3.2019290924072266,2.9809346199035645,3.138490676879883,2.4916257858276367,0.009204387664794922,-3.2469592094421387,-3.390995502471924,-1.1560882329940796,0.5567514896392822,-2.4347381591796875,0.7096278667449951,0.2801179885864258,0.9722217321395874,3.605959892272949,1.2831743955612183,2.678821563720703,3.2508082389831543,3.965791702270508,4.5024189949035645,3.5591611862182617,4.847690582275391
2.467186450958252,0.23903894424438477,3.7037177085876465,0.7273074388504028,3.4666032791137695,4.116588115692139,7.150196552276611,7.053998947143555,5.707230567932129,-1.744714379310608,0.9275027513504028,3.1535706520080566,2.463026523590088,2.1104750633239746,-2.0910263061523438,-0.5612221956253052,-3.187680721282959,-3.814785957336426,-1.4108822345733643,-3.158041000366211,-0.2773088812828064,0.8666641712188721,2.9310154914855957,-0.12287253141403198,1.1432976722717285,3.668358325958252,3.4790830612182617,5.130043983459473,2.459906578063965,4.35734224319458
2.19523286819458,2.03507661819458,0.27907800674438477,1.3606525659561157,3.758836269378662,5.944864749908447,7.801741600036621,8.20785140991211,5.874146461486816,1.1900966167449951,-0.01627504825592041,0.8905836343765259,1.0533398389816284,5.018246650695801,0.2291591763496399,-2.11702561378479,-0.7567375898361206,-2.1154656410217285,-1.5122798681259155,-3.930222988128662,-2.634413719177246,-2.3650598526000977,-1.7915133237838745,6.536090850830078,3.339725971221924,1.9617584943771362,2.5025458335876465,-0.17695125937461853,0.16364073753356934,2.083955764770508
6.700927257537842,2.1349143981933594,0.15844088792800903,9.255627632141113,6.101901054382324,8.76111888885498,8.675320625305176,11.246660232543945,0.21563953161239624,-1.2340863943099976,0.6342296600341797,2.7880191802978516,0.07264286279678345,2.4926657676696777,2.673621654510498,-3.6821889877319336,-2.267822265625,-0.15615174174308777,1.0335803031921387,-0.7468578815460205,-1.5954779386520386,-0.23934978246688843,0.4662736654281616,3.1514906883239746,5.334919452667236,2.8082985877990723,4.329262733459473,2.9304957389831543,0.9935412406921387,3.1062517166137695
