DATA/wind10m_forecast_ECMWF.json
{"header": {"parameterCategory": 2, "parameterNumber": 2, "lo1": -10.0, "la1": 60.0, "dx": 0.125, "dy": 0.125, "nx": 361, "ny": 161, "refTime": "2022-02-17T01:00:00.000000000"}, "data":
[rows 114 to 132 of 161, columns 43 to 85 of 361]
13.342000007629395,13.385945320129395,13.441609382629395,13.477742195129395,13.497273445129395,13.517781257629395,13.470906257629395,13.421101570129395,13.378132820129395,13.262898445129395,13.114460945129395,13.168171882629395,13.217976570129395,13.056843757629395,13.050007820129395,13.093953132629395,12.999226570129395,12.805867195129395,12.636921882629395,12.444539070129395,12.298054695129395,12.378132820129395,12.238484382629395,11.983601570129395,12.064656257629395,12.311726570129395,12.040242195129395,10.959187507629395,9.300007820129395,7.8410234451293945,7.2736406326293945,7.2170000076293945,7.0265703201293945,6.7306718826293945,6.5695390701293945,6.5314531326293945,6.3996171951293945,6.2316484451293945,5.7414140701293945,5.4230546951293945,5.3410234451293945,5.2111406326293945,5.0070390701293945
13.450398445129395,13.467000007629395,13.522664070129395,13.592976570129395,13.658406257629395,13.644734382629395,13.577351570129395,13.549031257629395,13.512898445129395,13.417195320129395,13.264851570129395,13.221882820129395,13.208210945129395,13.076375007629395,13.044148445129395,13.024617195129395,12.907429695129395,12.800007820129395,12.769734382629395,12.607625007629395,12.256062507629395,12.167195320129395,12.130085945129395,11.952351570129395,11.843953132629395,11.832234382629395,12.053914070129395,12.365437507629395,11.887898445129395,10.164265632629395,8.705281257629395,7.7433671951293945,7.1750078201293945,6.9757890701293945,6.9513750076293945,6.7443437576293945,6.4220781326293945,6.4318437576293945,6.1613359451293945,5.6623125076293945,5.3732500076293945,5.1798906326293945,4.9650468826293945
13.483601570129395,13.486531257629395,13.490437507629395,13.429890632629395,13.425984382629395,13.467000007629395,13.478718757629395,13.454304695129395,13.433796882629395,13.437703132629395,13.348835945129395,13.163289070129395,12.996296882629395,12.923054695129395,12.933796882629395,12.870320320129395,12.757039070129395,12.658406257629395,12.592000007629395,12.502156257629395,12.299031257629395,12.147664070129395,12.156453132629395,12.099812507629395,11.935750007629395,11.871296882629395,12.003132820129395,11.932820320129395,11.200398445129395,9.869343757629395,8.728718757629395,7.6925859451293945,7.1554765701293945,6.9220781326293945,6.9093828201293945,6.7502031326293945,6.4533281326293945,6.4660234451293945,6.1632890701293945,5.6447343826293945,5.4377031326293945,5.2931718826293945,5.1056718826293945
13.544148445129395,13.522664070129395,13.562703132629395,13.495320320129395,13.409382820129395,13.432820320129395,13.452351570129395,13.372273445129395,13.253132820129395,13.217000007629395,13.176960945129395,13.103718757629395,13.103718757629395,13.029500007629395,12.862507820129395,12.753132820129395,12.735554695129395,12.669148445129395,12.465046882629395,12.330281257629395,12.324421882629395,12.194539070129395,12.034382820129395,11.961140632629395,12.060750007629395,12.292195320129395,12.111531257629395,10.586140632629395,8.390828132629395,7.2765703201293945,7.3244218826293945,7.5636796951293945,7.1212968826293945,6.5793046951293945,6.4103593826293945,6.3791093826293945,6.1847734451293945,6.0002031326293945,5.6105546951293945,5.4191484451293945,5.6261796951293945,5.6720781326293945,5.4211015701293945
13.541218757629395,13.438679695129395,13.489460945129395,13.519734382629395,13.430867195129395,13.338093757629395,13.282429695129395,13.243367195129395,13.222859382629395,13.221882820129395,13.087117195129395,12.930867195129395,12.903523445129395,12.837117195129395,12.710164070129395,12.665242195129395,12.704304695129395,12.633992195129395,12.472859382629395,12.430867195129395,12.313679695129395,12.151570320129395,12.173054695129395,12.127156257629395,11.932820320129395,11.886921882629395,12.072468757629395,11.417195320129395,8.903523445129395,7.2619218826293945,7.2316484451293945,7.2541093826293945,6.8546953201293945,6.4230546951293945,6.2404375076293945,6.0939531326293945,5.8312578201293945,5.7160234451293945,5.4601640701293945,5.3634843826293945,5.5431718826293945,5.6281328201293945,5.5480546951293945
13.528523445129395,13.410359382629395,13.344929695129395,13.307820320129395,13.243367195129395,13.213093757629395,13.209187507629395,13.136921882629395,13.026570320129395,12.984578132629395,12.898640632629395,12.759968757629395,12.670125007629395,12.600789070129395,12.565632820129395,12.591023445129395,12.566609382629395,12.414265632629395,12.348835945129395,12.468953132629395,12.288289070129395,12.080281257629395,12.249226570129395,12.319539070129395,11.985554695129395,11.757039070129395,11.974812507629395,11.557820320129395,9.293171882629395,7.7687578201293945,7.1408281326293945,6.7931718826293945,6.5695390701293945,6.4152421951293945,6.2062578201293945,5.8527421951293945,5.4728593826293945,5.4396562576293945,5.4396562576293945,5.3742265701293945,5.3615312576293945,5.4406328201293945,5.5627031326293945
13.471882820129395,13.530476570129395,13.514851570129395,13.423054695129395,13.314656257629395,13.243367195129395,13.187703132629395,13.094929695129395,12.975789070129395,12.896687507629395,12.846882820129395,12.795125007629395,12.716023445129395,12.603718757629395,12.474812507629395,12.374226570129395,12.347859382629395,12.305867195129395,12.247273445129395,12.331257820129395,12.291218757629395,12.172078132629395,12.184773445129395,12.055867195129395,11.882039070129395,11.980671882629395,11.995320320129395,10.601765632629395,8.342976570129395,6.8664140701293945,6.5607500076293945,6.6418046951293945,6.5226640701293945,6.2619218826293945,6.0978593826293945,5.9845781326293945,5.7541093826293945,5.6017656326293945,5.5168046951293945,5.4035234451293945,5.2599687576293945,5.2091875076293945,5.2941484451293945
13.195515632629395,13.191609382629395,13.185750007629395,13.152546882629395,13.098835945129395,13.029500007629395,12.971882820129395,12.965046882629395,12.977742195129395,12.920125007629395,12.758015632629395,12.610554695129395,12.565632820129395,12.558796882629395,12.469929695129395,12.289265632629395,12.160359382629395,12.092000007629395,11.948445320129395,11.907429695129395,12.066609382629395,12.225789070129395,12.231648445129395,12.066609382629395,11.903523445129395,11.983601570129395,12.034382820129395,10.626179695129395,8.237507820129395,6.6750078201293945,6.4123125076293945,6.5714921951293945,6.5265703201293945,6.3341875076293945,6.2648515701293945,6.2882890701293945,6.1632890701293945,5.8576250076293945,5.6154375076293945,5.5050859451293945,5.3302812576293945,5.1886796951293945,5.1720781326293945
13.049031257629395,13.050984382629395,13.021687507629395,13.031453132629395,13.077351570129395,13.078328132629395,13.048054695129395,12.999226570129395,12.878132820129395,12.809773445129395,12.766804695129395,12.665242195129395,12.581257820129395,12.555867195129395,12.492390632629395,12.290242195129395,12.044148445129395,11.832234382629395,11.767781257629395,11.863484382629395,11.825398445129395,11.727742195129395,11.840046882629395,11.962117195129395,11.722859382629395,11.335164070129395,11.508992195129395,11.351765632629395,8.824421882629395,7.1076250076293945,6.2492265701293945,6.1584062576293945,6.2726640701293945,6.2580156326293945,6.1418046951293945,6.0021562576293945,5.8586015701293945,5.6212968826293945,5.4142656326293945,5.3644609451293945,5.3468828201293945,5.2267656326293945,5.0480546951293945
13.178914070129395,13.121296882629395,12.970906257629395,12.849812507629395,12.700398445129395,12.479695320129395,12.455281257629395,12.552937507629395,12.503132820129395,12.490437507629395,12.521687507629395,12.461140632629395,12.342000007629395,12.248250007629395,12.121296882629395,11.980671882629395,11.938679695129395,11.694539070129395,11.452351570129395,11.556843757629395,11.559773445129395,11.395710945129395,11.455281257629395,11.634968757629395,11.464070320129395,11.186726570129395,11.529500007629395,11.159382820129395,8.659382820129395,6.5822343826293945,5.5177812576293945,5.3683671951293945,5.4513750076293945,5.4943437576293945,5.5900468826293945,5.7492265701293945,5.8918046951293945,5.9211015701293945,5.6466875076293945,5.5431718826293945,5.7589921951293945,5.8000078201293945,5.5705156326293945
13.207234382629395,13.144734382629395,13.111531257629395,13.116414070129395,12.985554695129395,12.645710945129395,12.403523445129395,12.268757820129395,12.106648445129395,12.016804695129395,11.948445320129395,11.832234382629395,11.800007820129395,11.892781257629395,11.846882820129395,11.685750007629395,11.784382820129395,11.698445320129395,11.356648445129395,11.295125007629395,11.319539070129395,11.217976570129395,11.149617195129395,11.040242195129395,10.854695320129395,10.838093757629395,10.884968757629395,9.371296882629395,7.1574296951293945,5.5265703201293945,5.0617265701293945,5.1242265701293945,5.1300859451293945,5.2462968826293945,5.5285234451293945,5.6847734451293945,5.7921953201293945,5.9035234451293945,5.8302812576293945,5.7101640701293945,5.9093828201293945,6.1447343826293945,6.1193437576293945
12.997273445129395,13.028523445129395,13.008992195129395,12.951375007629395,12.850789070129395,12.698445320129395,12.480671882629395,12.170125007629395,11.954304695129395,11.955281257629395,11.978718757629395,11.922078132629395,11.879109382629395,11.900593757629395,11.825398445129395,11.632039070129395,11.644734382629395,11.753132820129395,11.710164070129395,11.633015632629395,11.455281257629395,11.216023445129395,11.018757820129395,10.789265632629395,10.587117195129395,10.496296882629395,9.708210945129395,7.6359453201293945,5.9103593826293945,5.1798906326293945,5.1789140701293945,5.0880937576293945,5.0197343826293945,5.2023515701293945,5.3742265701293945,5.3127031326293945,5.3507890701293945,5.6964921951293945,5.8253984451293945,5.7462968826293945,5.7267656326293945,5.8293046951293945,5.9904375076293945
12.643757820129395,12.510945320129395,12.409382820129395,12.285359382629395,12.183796882629395,12.183796882629395,12.193562507629395,12.128132820129395,12.011921882629395,11.905476570129395,11.847859382629395,11.829304695129395,11.785359382629395,11.695515632629395,11.700398445129395,11.805867195129395,11.667195320129395,11.452351570129395,11.383015632629395,11.239460945129395,11.002156257629395,10.889851570129395,10.815632820129395,10.532429695129395,10.308796882629395,10.377156257629395,9.189656257629395,7.0461015701293945,5.7091875076293945,5.4318437576293945,5.2443437576293945,4.9132890701293945,4.7726640701293945,4.8605546951293945,4.8742265701293945,4.8439531326293945,5.0646562576293945,5.3576250076293945,5.4953203201293945,5.6447343826293945,5.8273515701293945,5.9562578201293945,6.0539140701293945
12.331257820129395,12.044148445129395,11.934773445129395,11.929890632629395,11.988484382629395,11.971882820129395,11.901570320129395,11.928914070129395,11.976765632629395,11.889851570129395,11.749226570129395,11.782429695129395,11.902546882629395,11.743367195129395,11.579304695129395,11.729695320129395,11.635945320129395,11.493367195129395,11.569539070129395,11.482625007629395,11.167195320129395,10.924031257629395,10.658406257629395,10.000203132629395,9.592976570129395,10.054890632629395,9.096882820129395,6.8693437576293945,5.6496171951293945,5.4806718826293945,5.3595781326293945,5.0783281326293945,4.9416093826293945,4.8810625076293945,4.6584062576293945,4.5578203201293945,4.6505937576293945,4.6095781326293945,4.8117265701293945,5.4289140701293945,6.0138750076293945,6.3214921951293945,6.3507890701293945
12.698445320129395,12.371296882629395,11.836140632629395,11.380085945129395,11.311726570129395,11.442585945129395,11.558796882629395,11.736531257629395,11.966023445129395,12.114460945129395,12.119343757629395,11.998250007629395,11.880085945129395,11.641804695129395,11.357625007629395,11.283406257629395,11.167195320129395,11.141804695129395,11.282429695129395,11.156453132629395,10.762898445129395,10.468953132629395,10.221882820129395,9.809773445129395,9.636921882629395,9.769734382629395,8.262898445129395,6.3761796951293945,5.3546953201293945,5.1261796951293945,4.9035234451293945,4.6837968826293945,4.6916093826293945,4.6613359451293945,4.5148515701293945,4.5265703201293945,4.5509843826293945,4.3644609451293945,4.6310625076293945,5.2072343826293945,5.8459062576293945,6.4767656326293945,6.7472734451293945
12.042195320129395,12.006062507629395,11.752156257629395,11.435750007629395,11.231648445129395,11.152546882629395,11.102742195129395,11.143757820129395,11.253132820129395,11.456257820129395,11.641804695129395,11.593953132629395,11.507039070129395,11.497273445129395,11.311726570129395,11.118367195129395,10.959187507629395,10.788289070129395,10.573445320129395,10.273640632629395,10.088093757629395,9.948445320129395,9.636921882629395,9.270710945129395,9.096882820129395,8.473835945129395,6.7814531326293945,5.3507890701293945,4.7580156326293945,4.7052812576293945,4.5187578201293945,4.5978593826293945,4.8273515701293945,4.7980546951293945,4.6925859451293945,4.7834062576293945,4.6730546951293945,4.3400468826293945,4.5744218826293945,5.0177812576293945,5.5353593826293945,6.2150468826293945,6.6242265701293945
10.792195320129395,10.540242195129395,10.502156257629395,10.505085945129395,10.238484382629395,10.017781257629395,10.199421882629395,10.588093757629395,10.863484382629395,11.133992195129395,11.469929695129395,11.500203132629395,11.376179695129395,11.398640632629395,11.145710945129395,10.887898445129395,10.913289070129395,10.913289070129395,10.725789070129395,10.546101570129395,10.374226570129395,9.876179695129395,9.064656257629395,8.561726570129395,8.503132820129395,7.5685625076293945,5.9211015701293945,4.9836015701293945,4.7707109451293945,4.7375078201293945,4.5597734451293945,4.6261796951293945,4.8039140701293945,4.8380937576293945,4.9279375076293945,5.2062578201293945,5.1300859451293945,4.7736406326293945,4.8175859451293945,4.9796953201293945,5.1271562576293945,5.5480546951293945,6.0089921951293945
10.067585945129395,9.957234382629395,9.587117195129395,9.397664070129395,9.343953132629395,9.394734382629395,9.598835945129395,9.759968757629395,9.668171882629395,9.639851570129395,9.959187507629395,10.174031257629395,10.246296882629395,10.607625007629395,10.921101570129395,10.967976570129395,10.796101570129395,10.406453132629395,9.941609382629395,9.573445320129395,9.186726570129395,8.598835945129395,8.112507820129395,8.103718757629395,7.9982500076293945,6.7365312576293945,5.4513750076293945,4.7091875076293945,4.6183671951293945,4.6252031326293945,4.5207109451293945,4.4992265701293945,4.6242265701293945,4.7814531326293945,5.0382890701293945,5.4074296951293945,5.5783281326293945,5.2472734451293945,5.1974687576293945,5.1837968826293945,5.0285234451293945,5.1281328201293945,5.5705156326293945
6.3400468826293945,7.3429765701293945,7.8322343826293945,8.092976570129395,8.061726570129395,7.4220781326293945,6.2765703201293945,5.2863359451293945,5.2228593826293945,5.4894609451293945,6.1086015701293945,7.3615312576293945,8.041218757629395,8.190632820129395,8.283406257629395,8.507039070129395,8.669148445129395,8.642781257629395,8.594929695129395,8.569539070129395,8.292195320129395,7.9308671951293945,7.8634843826293945,7.5109453201293945,6.2580156326293945,5.0158281326293945,4.3830156326293945,4.0968828201293945,3.9777421951293945,3.8468828201293945,3.7990312576293945,3.9240312576293945,4.2209062576293945,4.4718828201293945,4.6769609451293945,4.8722734451293945,4.9738359451293945,4.7726640701293945,4.8097734451293945,5.1017656326293945,5.3878984451293945,5.4543046951293945,5.5783281326293945
