DATA/wind10m_forecast_ECMWF.json
{"header": {"parameterCategory": 2, "parameterNumber": 3, "lo1": -10.0, "la1": 60.0, "dx": 0.125, "dy": 0.125, "nx": 361, "ny": 161, "refTime": "2022-02-17T01:00:00.000000000"}, "data":
[rows 40 to 59 of 161, columns 132 to 175 of 361]
0.12423229217529297,0.37032604217529297,0.872279167175293,1.259486198425293,1.484095573425293,1.354701042175293,1.245814323425293,1.130091667175293,0.916712760925293,0.875697135925293,1.086634635925293,1.856654167175293,2.551966667175293,3.113978385925293,3.358607292175293,3.426966667175293,3.003138542175293,2.084681510925293,0.958704948425293,0.29464244842529297,0.04757213592529297,0.22530651092529297,0.18477916717529297,0.15694713592529297,0.25118541717529297,0.24337291717529297,0.19991588592529297,0.14571666717529297,0.12130260467529297,0.09249401092529297,0.05245494842529297,0.06319713592529297,0.27852916717529297,0.578822135925293,0.972376823425293,1.572962760925293,2.068568229675293,2.474818229675293,2.714564323425293,3.260462760925293,3.962611198425293,4.432826042175293,4.208704948425293,3.895228385925293
0.671595573425293,0.547572135925293,0.879115104675293,1.127650260925293,1.173548698425293,0.821009635925293,0.648646354675293,0.607630729675293,0.675501823425293,0.553919792175293,0.526576042175293,0.643275260925293,0.953333854675293,1.550501823425293,2.382533073425293,3.648158073425293,4.222376823425293,4.041712760925293,3.083704948425293,1.894740104675293,1.043177604675293,0.500208854675293,0.06759166717529297,-0.19266223907470703,-0.36160755157470703,-0.39383411407470703,-0.38846302032470703,-0.26981067657470703,0.0031385421752929688,0.20040416717529297,0.30684947967529297,0.38057994842529297,0.557826042175293,0.818568229675293,1.104212760925293,1.370814323425293,1.508021354675293,1.583704948425293,1.616419792175293,2.075404167175293,2.537318229675293,2.943568229675293,2.969935417175293,3.043665885925293
1.714076042175293,1.496790885925293,1.486048698425293,1.657923698425293,1.792201042175293,1.677943229675293,1.488001823425293,1.246302604675293,1.085169792175293,0.867884635925293,0.769251823425293,0.803431510925293,0.980189323425293,1.081263542175293,1.381068229675293,1.968470573425293,2.586634635925293,3.193568229675293,3.356165885925293,3.313685417175293,2.954798698425293,2.384974479675293,1.838099479675293,1.441126823425293,1.226771354675293,1.147181510925293,1.129603385925293,1.268275260925293,1.525599479675293,1.803919792175293,1.975306510925293,1.985072135925293,1.959681510925293,1.906947135925293,2.046107292175293,2.249232292175293,2.404994010925293,2.359583854675293,2.311732292175293,2.348353385925293,2.388392448425293,2.441615104675293,2.381068229675293,2.633021354675293
2.007533073425293,1.904017448425293,1.699427604675293,1.536829948425293,1.480189323425293,1.602747917175293,1.677943229675293,1.753138542175293,1.783411979675293,1.708704948425293,1.638880729675293,1.589564323425293,1.665736198425293,1.789271354675293,1.823451042175293,1.729212760925293,1.816615104675293,2.122279167175293,2.494837760925293,2.914759635925293,3.056361198425293,3.131068229675293,2.895228385925293,2.584681510925293,2.267786979675293,1.987025260925293,1.783411979675293,1.764857292175293,1.905970573425293,2.184779167175293,2.508021354675293,2.643763542175293,2.664759635925293,2.617396354675293,2.737513542175293,2.861536979675293,3.019251823425293,2.860072135925293,2.753626823425293,2.697962760925293,2.833216667175293,2.991419792175293,3.118861198425293,3.359095573425293
1.972376823425293,2.177454948425293,2.293177604675293,2.087122917175293,1.841029167175293,1.592982292175293,1.433314323425293,1.356165885925293,1.454310417175293,1.709681510925293,1.924525260925293,2.099329948425293,2.306361198425293,2.673060417175293,3.078333854675293,3.375208854675293,3.493861198425293,3.464564323425293,3.143763542175293,2.768275260925293,2.476283073425293,2.471400260925293,2.596400260925293,2.702357292175293,2.648158073425293,2.581263542175293,2.514369010925293,2.552454948425293,2.724818229675293,2.904994010925293,3.168177604675293,3.254115104675293,3.414759635925293,3.573939323425293,3.746302604675293,3.659876823425293,3.510462760925293,3.300013542175293,3.380579948425293,3.504115104675293,3.690150260925293,3.707240104675293,3.564173698425293,3.343470573425293
1.925501823425293,2.100794792175293,2.238978385925293,2.302943229675293,2.290736198425293,2.249720573425293,2.152064323425293,1.925013542175293,1.814661979675293,1.855677604675293,2.080775260925293,2.358119010925293,2.621790885925293,2.878626823425293,3.149622917175293,3.407923698425293,3.578333854675293,3.596400260925293,3.191126823425293,2.733607292175293,2.294642448425293,2.159388542175293,2.162806510925293,2.213587760925293,2.259486198425293,2.396693229675293,2.576869010925293,2.785853385925293,2.980189323425293,3.095911979675293,3.157923698425293,3.173060417175293,3.288783073425293,3.458704948425293,3.657923698425293,3.455286979675293,3.288783073425293,3.218470573425293,3.410365104675293,3.488978385925293,3.476283073425293,3.366908073425293,3.335169792175293,3.286341667175293
1.677943229675293,1.765833854675293,1.862025260925293,1.938685417175293,1.999720573425293,2.049036979675293,2.113001823425293,2.139369010925293,2.177943229675293,2.175990104675293,2.237513542175293,2.333216667175293,2.436244010925293,2.535853385925293,2.624720573425293,2.875697135925293,3.141810417175293,3.295619010925293,3.111048698425293,2.879603385925293,2.702357292175293,2.633509635925293,2.473353385925293,2.264857292175293,2.090540885925293,2.124720573425293,2.268763542175293,2.391322135925293,2.426966667175293,2.396693229675293,2.346400260925293,2.263880729675293,2.163294792175293,2.137415885925293,2.159388542175293,2.174036979675293,2.284388542175293,2.415736198425293,2.619349479675293,2.759486198425293,2.898158073425293,3.089564323425293,3.440638542175293,3.622767448425293
1.554896354675293,1.557826042175293,1.750697135925293,1.946986198425293,2.089564323425293,2.081751823425293,2.061244010925293,2.086634635925293,2.139857292175293,2.100794792175293,2.088587760925293,2.067103385925293,2.085169792175293,2.056849479675293,2.055872917175293,2.158411979675293,2.480189323425293,2.770228385925293,2.828822135925293,2.538294792175293,2.409388542175293,2.426966667175293,2.468470573425293,2.476771354675293,2.322474479675293,2.206751823425293,2.043665885925293,1.936244010925293,1.869837760925293,1.866908073425293,1.934290885925293,1.972376823425293,1.950892448425293,1.890345573425293,1.865931510925293,1.928431510925293,2.052943229675293,2.117396354675293,2.272669792175293,2.411829948425293,2.607142448425293,2.757533073425293,2.909876823425293,2.893763542175293
1.621302604675293,1.584193229675293,1.659876823425293,1.729701042175293,1.889369010925293,1.977259635925293,2.047083854675293,2.028529167175293,1.938197135925293,1.793177604675293,1.730189323425293,1.724329948425293,1.813685417175293,1.907923698425293,2.035853385925293,2.120814323425293,2.471400260925293,2.847865104675293,3.128626823425293,2.981165885925293,2.606654167175293,2.280482292175293,2.202845573425293,2.312220573425293,2.369837760925293,2.319544792175293,2.141810417175293,2.035853385925293,1.825404167175293,1.606654167175293,1.331263542175293,1.138392448425293,1.056361198425293,1.002650260925293,0.971888542175293,1.047083854675293,1.189173698425293,1.230677604675293,1.261927604675293,1.296107292175293,1.384974479675293,1.398158073425293,1.541224479675293,1.751185417175293
2.122767448425293,2.239466667175293,2.202845573425293,2.118372917175293,2.079310417175293,2.127650260925293,2.283411979675293,2.375697135925293,2.443568229675293,2.489954948425293,2.570033073425293,2.548548698425293,2.464076042175293,2.489954948425293,2.703822135925293,2.937708854675293,3.154505729675293,3.156947135925293,3.151087760925293,3.102747917175293,2.708216667175293,2.424525260925293,2.232630729675293,2.179896354675293,2.200404167175293,2.198451042175293,2.199427604675293,2.267786979675293,2.213099479675293,2.035365104675293,1.628626823425293,1.306361198425293,0.970423698425293,0.631068229675293,0.36983776092529297,0.33809947967529297,0.39815807342529297,0.528529167175293,0.574427604675293,0.564173698425293,0.523158073425293,0.43917369842529297,0.558314323425293,0.771693229675293
1.738978385925293,1.767786979675293,1.848353385925293,2.080286979675293,2.299525260925293,2.514857292175293,2.648158073425293,2.679408073425293,2.753138542175293,2.896693229675293,3.101283073425293,3.114954948425293,3.035365104675293,2.975794792175293,3.104701042175293,2.996790885925293,2.626185417175293,1.933802604675293,1.602259635925293,1.532923698425293,1.719447135925293,1.863490104675293,1.915736198425293,1.939173698425293,1.917201042175293,1.793177604675293,1.659388542175293,1.554408073425293,1.600306510925293,1.741419792175293,1.878138542175293,1.993861198425293,1.890345573425293,1.689173698425293,1.424525260925293,1.166712760925293,0.888392448425293,0.620814323425293,0.34884166717529297,0.15108776092529297,0.02169322967529297,-0.04178333282470703,0.02169322967529297,0.11739635467529297
1.906458854675293,2.059290885925293,2.255091667175293,2.464076042175293,2.483119010925293,2.474329948425293,2.348353385925293,2.229212760925293,2.122767448425293,2.071497917175293,2.069544792175293,2.180872917175293,2.413294792175293,2.690150260925293,3.046595573425293,2.976283073425293,2.594447135925293,1.999720573425293,1.688197135925293,1.560755729675293,1.670619010925293,1.749232292175293,1.772669792175293,1.809779167175293,1.826869010925293,1.776576042175293,1.668665885925293,1.519251823425293,1.417201042175293,1.307826042175293,1.252650260925293,1.202845573425293,1.090052604675293,1.078333854675293,1.062708854675293,1.020228385925293,0.892298698425293,0.722376823425293,0.542689323425293,0.43184947967529297,0.24630260467529297,-0.0017442703247070312,-0.22879505157470703,-0.49490833282470703
1.432826042175293,1.523646354675293,1.664271354675293,1.735072135925293,1.673548698425293,1.481654167175293,1.256068229675293,1.148646354675293,1.320033073425293,1.490931510925293,1.535853385925293,1.489954948425293,1.461634635925293,1.632044792175293,1.879603385925293,1.982630729675293,1.975794792175293,1.811732292175293,1.714076042175293,1.668665885925293,1.636439323425293,1.593470573425293,1.587122917175293,1.533411979675293,1.451380729675293,1.334193229675293,1.262904167175293,1.215052604675293,1.154505729675293,1.010951042175293,0.894251823425293,0.802943229675293,0.705775260925293,0.677943229675293,0.679408073425293,0.735560417175293,0.782435417175293,0.837611198425293,0.767786979675293,0.697962760925293,0.46407604217529297,0.17940807342529297,-0.13016223907470703,-0.531529426574707
0.648158073425293,0.615443229675293,0.733119010925293,0.998255729675293,1.378626823425293,1.543665885925293,1.429896354675293,1.140345573425293,1.067591667175293,1.198939323425293,1.444056510925293,1.525111198425293,1.489466667175293,1.497767448425293,1.555872917175293,1.635951042175293,1.658411979675293,1.635462760925293,1.599818229675293,1.540247917175293,1.498255729675293,1.456751823425293,1.451869010925293,1.385951042175293,1.322474479675293,1.228236198425293,1.139857292175293,0.981165885925293,0.757533073425293,0.503138542175293,0.38985729217529297,0.39913463592529297,0.46700572967529297,0.523158073425293,0.633997917175293,0.842494010925293,1.077357292175293,1.201380729675293,0.956263542175293,0.503138542175293,-0.06961536407470703,-0.49979114532470703,-0.730259895324707,-0.830845832824707
1.324427604675293,1.444056510925293,1.617884635925293,1.909388542175293,2.388392448425293,2.703333854675293,2.747767448425293,2.570521354675293,2.227747917175293,1.974329948425293,1.797083854675293,1.704798698425293,1.731165885925293,1.775111198425293,1.794642448425293,1.774134635925293,1.699427604675293,1.589076042175293,1.470423698425293,1.367884635925293,1.368372917175293,1.335169792175293,1.247279167175293,1.075404167175293,0.983607292175293,0.932826042175293,0.901087760925293,0.783411979675293,0.683802604675293,0.621790885925293,0.605189323425293,0.593958854675293,0.598353385925293,0.599818229675293,0.589076042175293,0.559290885925293,0.535365104675293,0.504115104675293,0.39181041717529297,0.18233776092529297,-0.05106067657470703,-0.29764270782470703,-0.544713020324707,-0.794713020324707
1.138392448425293,1.161341667175293,1.076380729675293,0.971400260925293,0.909876823425293,0.861536979675293,1.123744010925293,1.440638542175293,1.756556510925293,1.988490104675293,1.984583854675293,1.949427604675293,1.935755729675293,1.822474479675293,1.630579948425293,1.432337760925293,1.293665885925293,1.197474479675293,1.068079948425293,0.970423698425293,1.005579948425293,1.113490104675293,1.135951042175293,1.047083854675293,0.922083854675293,0.754115104675293,0.587122917175293,0.42696666717529297,0.526087760925293,0.723353385925293,0.907435417175293,0.977747917175293,1.003138542175293,0.956751823425293,0.768763542175293,0.33175182342529297,-0.10672473907470703,-0.42215442657470703,-0.607701301574707,-0.661900520324707,-0.520787239074707,-0.39969348907470703,-0.37674427032470703,-0.587681770324707
1.523158073425293,1.611048698425293,1.742884635925293,1.758021354675293,1.572474479675293,1.326869010925293,1.153040885925293,1.002650260925293,1.064173698425293,1.050013542175293,0.998255729675293,1.108607292175293,1.244349479675293,1.350306510925293,1.432826042175293,1.433314323425293,1.467982292175293,1.572962760925293,1.588099479675293,1.436732292175293,1.265345573425293,1.092005729675293,1.026087760925293,1.087122917175293,1.225306510925293,1.546595573425293,1.706263542175293,1.700404167175293,1.686244010925293,1.557826042175293,1.260462760925293,0.864466667175293,0.39718151092529297,0.03731822967529297,-0.19803333282470703,-0.46902942657470703,-0.638951301574707,-0.629185676574707,-0.661412239074707,-0.735142707824707,-0.704869270324707,-0.617466926574707,-0.547642707824707,-0.562779426574707
1.177454948425293,1.453822135925293,1.832240104675293,2.204798698425293,2.468958854675293,2.581751823425293,2.503626823425293,2.227259635925293,1.832240104675293,1.330775260925293,0.989954948425293,0.733119010925293,0.570521354675293,0.597865104675293,0.698939323425293,0.760462760925293,0.812220573425293,0.922083854675293,1.089076042175293,1.210169792175293,1.225794792175293,1.134486198425293,1.167201042175293,1.152064323425293,1.218470573425293,1.433314323425293,1.513392448425293,1.504115104675293,1.483607292175293,1.420619010925293,1.252650260925293,0.875697135925293,0.28292369842529297,-0.19608020782470703,-0.587193489074707,-1.066685676574707,-1.512486457824707,-1.761021614074707,-1.627720832824707,-1.297642707824707,-0.936802864074707,-0.609654426574707,-0.38650989532470703,-0.21463489532470703
1.340540885925293,1.520716667175293,1.763880729675293,1.949427604675293,1.903529167175293,1.784876823425293,1.689173698425293,1.646204948425293,1.583216667175293,1.514369010925293,1.447962760925293,1.264369010925293,1.015833854675293,0.767786979675293,0.660853385925293,0.588099479675293,0.511927604675293,0.46651744842529297,0.575892448425293,0.717005729675293,0.868372917175293,1.039759635925293,1.256556510925293,1.212611198425293,1.099329948425293,0.972865104675293,0.852259635925293,0.566615104675293,0.21505260467529297,-0.07645130157470703,-0.16775989532470703,-0.47684192657470703,-0.874302864074707,-1.232213020324707,-1.258091926574707,-1.265904426574707,-1.301060676574707,-1.441197395324707,-1.157994270324707,-0.876255989074707,-0.652623176574707,-0.543248176574707,-0.553990364074707,-0.514439582824707
2.187708854675293,2.287318229675293,2.438685417175293,2.576869010925293,2.426966667175293,2.259486198425293,2.147181510925293,2.191126823425293,2.035853385925293,1.824427604675293,1.612513542175293,1.500697135925293,1.373255729675293,1.186732292175293,0.978236198425293,0.775599479675293,0.639857292175293,0.580286979675293,0.588587760925293,0.552943229675293,0.40938854217529297,0.23604869842529297,0.04561901092529297,-0.26443958282470703,-0.48270130157470703,-0.532505989074707,-0.39969348907470703,-0.40457630157470703,-0.681920051574707,-0.988072395324707,-1.215611457824707,-1.514439582824707,-1.947545051574707,-2.282994270324707,-2.340611457824707,-1.913853645324707,-1.379185676574707,-0.883580207824707,-0.520787239074707,-0.613560676574707,-0.760533332824707,-0.914341926574707,-0.960240364074707,-0.970982551574707
