DATA/wind10m_forecast_ECMWF.json
{"header": {"parameterCategory": 2, "parameterNumber": 2, "lo1": -10.0, "la1": 60.0, "dx": 0.125, "dy": 0.125, "nx": 361, "ny": 161, "refTime": "2022-02-17T01:00:00.000000000"}, "data":
[rows 0 to 18 of 161, columns 172 to 214 of 361]
-1.7204999923706055,-2.0857343673706055,-2.1365156173706055,-1.8015546798706055,-1.3406171798706055,-0.9079999923706055,-0.9919843673706055,-1.2322187423706055,-1.6726484298706055,-1.6990156173706055,-1.5671796798706055,-1.1345624923706055,-0.8630781173706055,-0.8103437423706055,-0.9021406173706055,-1.0408124923706055,-1.1706953048706055,-1.3972578048706055,-1.7605390548706055,-2.0818281173706055,-2.3572187423706055,-2.2488203048706055,-2.1433515548706055,-2.0427656173706055,-1.8630781173706055,-1.6755781173706055,-1.8181562423706055,-1.9402265548706055,-2.0310468673706055,-1.8826093673706055,-1.6355390548706055,-1.2888593673706055,-1.1013593673706055,-1.1746015548706055,-1.4353437423706055,-1.7605390548706055,-1.7644453048706055,-1.7156171798706055,-1.5779218673706055,-1.6326093673706055,-1.7712812423706055,-1.9695234298706055,-2.1492109298706055
-1.1775312423706055,-1.5896406173706055,-1.6814374923706055,-1.5779218673706055,-1.2537031173706055,-0.9314374923706055,-0.7331953048706055,-0.9988203048706055,-1.4040937423706055,-1.8689374923706055,-1.8874921798706055,-1.6501874923706055,-1.2849531173706055,-1.1150312423706055,-1.3581953048706055,-1.6579999923706055,-1.9451093673706055,-2.0535078048706055,-2.1746015548706055,-2.1794843673706055,-2.3044843673706055,-2.3484296798706055,-2.4304609298706055,-2.4734296798706055,-2.5574140548706055,-2.5203046798706055,-2.4851484298706055,-2.4568281173706055,-2.4636640548706055,-2.4509687423706055,-2.1365156173706055,-1.6882734298706055,-1.4402265548706055,-1.4070234298706055,-1.5788984298706055,-1.7439374923706055,-1.7790937423706055,-1.7048749923706055,-1.6413984298706055,-1.8767499923706055,-2.1570234298706055,-2.4529218673706055,-2.6287031173706055
-1.4265546798706055,-1.5759687423706055,-1.4968671798706055,-1.4861249923706055,-1.3601484298706055,-1.0906171798706055,-0.7048749923706055,-0.5095624923706055,-0.8005781173706055,-1.4246015548706055,-2.1208906173706055,-2.3279218673706055,-2.0456953048706055,-1.6794843673706055,-1.5271406173706055,-1.6872968673706055,-2.0251874923706055,-2.3542890548706055,-2.5476484298706055,-2.6257734298706055,-2.5574140548706055,-2.4802656173706055,-2.4578046798706055,-2.4939374923706055,-2.5574140548706055,-2.4734296798706055,-2.3708906173706055,-2.2283124923706055,-2.1794843673706055,-2.2663984298706055,-2.3044843673706055,-2.2908124923706055,-2.1941328048706055,-2.1648359298706055,-2.1794843673706055,-2.3503828048706055,-2.5007734298706055,-2.6374921798706055,-2.6746015548706055,-2.7703046798706055,-2.7527265548706055,-2.7917890548706055,-2.8005781173706055
-1.3484296798706055,-1.2996015548706055,-1.1287031173706055,-1.3191328048706055,-1.5896406173706055,-1.8572187423706055,-1.7439374923706055,-1.3650312423706055,-1.2732343673706055,-1.4480390548706055,-1.9519453048706055,-2.2244062423706055,-2.2312421798706055,-2.0056562423706055,-1.7663984298706055,-1.7087812423706055,-1.8728437423706055,-2.2195234298706055,-2.5017499923706055,-2.7214765548706055,-2.7849531173706055,-2.8796796798706055,-2.8953046798706055,-2.8806562423706055,-2.7956953048706055,-2.6804609298706055,-2.6228437423706055,-2.4958906173706055,-2.3005781173706055,-2.0466718673706055,-1.9353437423706055,-2.0759687423706055,-2.3064374923706055,-2.5798749923706055,-2.7429609298706055,-2.8904218673706055,-2.8777265548706055,-2.8445234298706055,-2.6902265548706055,-2.5808515548706055,-2.5105390548706055,-2.6218671798706055,-2.6453046798706055
-1.2165937423706055,-1.1697187423706055,-1.1755781173706055,-1.3904218673706055,-1.9021406173706055,-2.5554609298706055,-2.6550703048706055,-2.5173749923706055,-2.0496015548706055,-1.7273359298706055,-1.5232343673706055,-1.5701093673706055,-1.6179609298706055,-1.6785078048706055,-1.7663984298706055,-1.8621015548706055,-2.0369062423706055,-2.2244062423706055,-2.3621015548706055,-2.3669843673706055,-2.3650312423706055,-2.5593671798706055,-2.7400312423706055,-2.9109296798706055,-2.8767499923706055,-2.8347578048706055,-2.8513593673706055,-2.8230390548706055,-2.7517499923706055,-2.4656171798706055,-2.2634687423706055,-2.2644453048706055,-2.5203046798706055,-2.8728437423706055,-2.9802656173706055,-3.0329999923706055,-3.0037031173706055,-2.9177656173706055,-2.8064374923706055,-2.6902265548706055,-2.5437421798706055,-2.3767499923706055,-2.1179609298706055
-1.3718671798706055,-1.3923749923706055,-1.3298749923706055,-1.3035078048706055,-1.7400312423706055,-2.2800703048706055,-2.8845624923706055,-2.8777265548706055,-2.6413984298706055,-2.0632734298706055,-1.6277265548706055,-1.3005781173706055,-1.3806562423706055,-1.5115156173706055,-1.7869062423706055,-2.0613203048706055,-2.3484296798706055,-2.6150312423706055,-2.9167890548706055,-3.2624921798706055,-3.1960859298706055,-3.0710859298706055,-3.0320234298706055,-3.0876874923706055,-3.1814374923706055,-3.2253828048706055,-3.2410078048706055,-3.1716718673706055,-3.0535078048706055,-2.8660078048706055,-2.7566328048706055,-2.7371015548706055,-2.9587812423706055,-3.1658124923706055,-3.3474531173706055,-3.2546796798706055,-3.1306562423706055,-2.8962812423706055,-2.7820234298706055,-2.6726484298706055,-2.5349531173706055,-2.2771406173706055,-1.8728437423706055
-1.7663984298706055,-1.8308515548706055,-1.6277265548706055,-1.5144453048706055,-1.5837812423706055,-1.8269453048706055,-2.1706953048706055,-2.0974531173706055,-1.8904218673706055,-1.4441328048706055,-1.0622968673706055,-0.9587812423706055,-1.4568281173706055,-2.3347578048706055,-3.1648359298706055,-3.8894453048706055,-4.1081953048706055,-4.1218671798706055,-4.0896406173706055,-4.0193281173706055,-3.4910078048706055,-3.4451093673706055,-3.3669843673706055,-3.4538984298706055,-3.6326093673706055,-3.9460859298706055,-3.9665937423706055,-3.8640546798706055,-3.5134687423706055,-3.2839765548706055,-3.1687421798706055,-3.3298749923706055,-3.5749921798706055,-3.9265546798706055,-4.0417890548706055,-3.7751874923706055,-3.1326093673706055,-2.6296796798706055,-2.3337812423706055,-2.4177656173706055,-2.6374921798706055,-2.6990156173706055,-2.5642499923706055
-1.9792890548706055,-1.9578046798706055,-1.8269453048706055,-1.8826093673706055,-1.9158124923706055,-1.9841718673706055,-1.8650312423706055,-1.6550703048706055,-1.7781171798706055,-1.8015546798706055,-1.7673749923706055,-1.5261640548706055,-1.7019453048706055,-2.5456953048706055,-3.7488203048706055,-5.0027265548706055,-5.5017499923706055,-5.3953046798706055,-5.0466718673706055,-4.5290937423706055,-4.1062421798706055,-3.8923749923706055,-3.7917890548706055,-3.8962812423706055,-4.0095624923706055,-4.2624921798706055,-4.0564374923706055,-3.8738203048706055,-3.5574140548706055,-3.4011640548706055,-3.2058515548706055,-3.0964765548706055,-2.9958906173706055,-3.1062421798706055,-2.9363203048706055,-2.6814374923706055,-2.3630781173706055,-2.4001874923706055,-2.3747968673706055,-2.8777265548706055,-3.1413984298706055,-3.2146406173706055,-2.9900312423706055
-2.5437421798706055,-2.2937421798706055,-1.9792890548706055,-1.9050703048706055,-1.9880781173706055,-2.1550703048706055,-1.9460859298706055,-1.8669843673706055,-2.1570234298706055,-2.8396406173706055,-3.3923749923706055,-3.1746015548706055,-2.9871015548706055,-3.2156171798706055,-4.3923749923706055,-5.6394453048706055,-6.5544843673706055,-6.6609296798706055,-6.3542890548706055,-5.2273359298706055,-4.3464765548706055,-3.9431562423706055,-3.7878828048706055,-3.9206953048706055,-3.9197187423706055,-3.5720624923706055,-3.0710859298706055,-2.8064374923706055,-2.6648359298706055,-2.7048749923706055,-2.6218671798706055,-2.4734296798706055,-2.3454999923706055,-2.2908124923706055,-2.1951093673706055,-2.0935468673706055,-1.9441328048706055,-2.0535078048706055,-2.1628828048706055,-2.5300703048706055,-2.5496015548706055,-2.6570234298706055,-2.6521406173706055
-3.2078046798706055,-2.9861249923706055,-2.6287031173706055,-2.1687421798706055,-2.2175703048706055,-2.2087812423706055,-2.0671796798706055,-2.1081953048706055,-2.3650312423706055,-3.6160078048706055,-4.6042890548706055,-5.3484296798706055,-5.4372968673706055,-5.7410078048706055,-6.6921796798706055,-7.4607343673706055,-8.030070304870605,-7.2654218673706055,-6.1345624923706055,-4.5906171798706055,-3.8181562423706055,-3.3777265548706055,-3.5593671798706055,-3.7273359298706055,-3.8826093673706055,-3.6169843673706055,-3.3972578048706055,-3.2380781173706055,-3.0642499923706055,-2.8679609298706055,-2.6033124923706055,-2.5935468673706055,-2.7673749923706055,-3.1257734298706055,-3.3884687423706055,-3.4734296798706055,-3.2937421798706055,-3.0007734298706055,-2.5544843673706055,-2.1980390548706055,-1.9206953048706055,-1.9753828048706055,-2.1160078048706055
-2.9831953048706055,-3.2605390548706055,-3.1413984298706055,-2.9646406173706055,-2.9060468673706055,-2.7322187423706055,-2.5945234298706055,-2.8064374923706055,-3.6999921798706055,-5.1980390548706055,-6.5622968673706055,-7.3357343673706055,-7.1472578048706055,-7.1892499923706055,-7.3835859298706055,-7.1775312423706055,-6.5066328048706055,-5.1687421798706055,-4.3025312423706055,-3.4646406173706055,-3.1374921798706055,-2.9812421798706055,-3.0662031173706055,-3.1863203048706055,-3.3113203048706055,-3.7449140548706055,-3.8904218673706055,-3.9363203048706055,-3.8328046798706055,-3.3855390548706055,-2.9294843673706055,-3.0398359298706055,-3.0681562423706055,-3.0808515548706055,-2.8953046798706055,-2.8542890548706055,-2.9724531173706055,-2.9646406173706055,-2.8542890548706055,-2.7361249923706055,-2.5876874923706055,-2.5398359298706055,-2.3474531173706055
-2.9675703048706055,-3.1794843673706055,-3.0613203048706055,-3.1091718673706055,-3.0876874923706055,-2.9695234298706055,-2.9314374923706055,-3.1296796798706055,-4.4831953048706055,-5.9665937423706055,-7.3230390548706055,-6.9216718673706055,-6.2253828048706055,-5.6814374923706055,-5.4265546798706055,-5.3044843673706055,-4.9949140548706055,-4.4265546798706055,-4.1872968673706055,-4.1335859298706055,-4.0974531173706055,-4.0222578048706055,-4.1160078048706055,-4.2273359298706055,-5.0886640548706055,-5.5681562423706055,-5.9773359298706055,-5.1501874923706055,-4.4656171798706055,-3.8708906173706055,-3.8513593673706055,-4.1736249923706055,-4.2673749923706055,-4.0115156173706055,-3.4275312423706055,-3.0984296798706055,-3.0290937423706055,-3.0554609298706055,-3.0554609298706055,-3.0203046798706055,-3.2156171798706055,-3.3894453048706055,-3.4939374923706055
-2.8767499923706055,-3.0496015548706055,-3.0447187423706055,-3.5749921798706055,-3.8738203048706055,-4.0544843673706055,-3.9431562423706055,-4.2644453048706055,-5.4949140548706055,-6.4783124923706055,-7.1921796798706055,-6.0525312423706055,-5.0906171798706055,-4.4314374923706055,-4.5163984298706055,-4.5974531173706055,-4.5847578048706055,-4.5681562423706055,-4.5662031173706055,-4.5622968673706055,-4.4880781173706055,-4.4285078048706055,-5.1355390548706055,-6.1706953048706055,-7.6335859298706055,-8.119914054870605,-8.096476554870605,-6.4831953048706055,-5.3484296798706055,-4.5564374923706055,-4.4988203048706055,-4.4509687423706055,-4.5017499923706055,-4.1658124923706055,-3.6218671798706055,-3.5281171798706055,-3.4021406173706055,-3.2673749923706055,-3.1755781173706055,-3.1326093673706055,-3.2185468673706055,-3.3894453048706055,-3.6882734298706055
-2.7654218673706055,-3.2576093673706055,-3.9255781173706055,-4.8230390548706055,-4.9558515548706055,-4.7527265548706055,-4.0339765548706055,-4.0740156173706055,-4.5535078048706055,-5.3288984298706055,-5.4402265548706055,-4.8943281173706055,-4.3669843673706055,-4.0994062423706055,-4.2751874923706055,-4.2947187423706055,-4.2078046798706055,-4.0515546798706055,-3.9060468673706055,-3.7663984298706055,-3.5163984298706055,-3.7146406173706055,-4.5476484298706055,-6.1218671798706055,-7.2722578048706055,-7.0476484298706055,-6.1531171798706055,-5.0486249923706055,-4.6199140548706055,-4.4031171798706055,-4.3083906173706055,-3.9148359298706055,-3.5554609298706055,-3.3025312423706055,-3.1140546798706055,-2.9001874923706055,-2.6247968673706055,-2.5837812423706055,-2.7331953048706055,-2.9040937423706055,-2.9333906173706055,-2.8513593673706055,-3.1326093673706055
-2.8074140548706055,-2.8699140548706055,-3.2634687423706055,-3.6824140548706055,-3.8777265548706055,-3.7663984298706055,-3.4851484298706055,-3.6872968673706055,-3.9802656173706055,-4.4119062423706055,-4.0437421798706055,-3.6199140548706055,-3.2185468673706055,-3.4587812423706055,-3.8357343673706055,-4.0466718673706055,-3.9197187423706055,-3.6316328048706055,-3.4744062423706055,-3.4617109298706055,-3.6072187423706055,-4.3913984298706055,-5.4841718673706055,-7.0613203048706055,-6.9685468673706055,-6.1247968673706055,-4.7117109298706055,-3.8230390548706055,-3.3621015548706055,-3.5954999923706055,-3.6287031173706055,-3.3542890548706055,-3.1355390548706055,-3.0037031173706055,-3.0505781173706055,-2.9197187423706055,-2.7234296798706055,-2.7410078048706055,-2.7361249923706055,-2.7009687423706055,-2.2195234298706055,-1.8962812423706055,-1.8816328048706055
-3.1384687423706055,-2.6228437423706055,-2.1277265548706055,-2.3083906173706055,-2.7624921798706055,-3.7605390548706055,-4.3533124923706055,-4.8992109298706055,-4.8484296798706055,-4.7351484298706055,-4.2419843673706055,-3.8249921798706055,-3.4558515548706055,-3.5349531173706055,-3.7761640548706055,-4.0193281173706055,-3.9421796798706055,-3.6540937423706055,-3.3367109298706055,-3.2908124923706055,-3.6121015548706055,-4.3708906173706055,-5.2966718673706055,-6.2302656173706055,-5.8484296798706055,-5.0300703048706055,-3.9890546798706055,-3.5017499923706055,-3.1638593673706055,-3.2312421798706055,-3.2390546798706055,-3.1140546798706055,-2.9431562423706055,-2.7956953048706055,-2.8015546798706055,-2.9412031173706055,-3.1345624923706055,-3.3367109298706055,-3.1189374923706055,-2.7537031173706055,-2.1443281173706055,-2.0603437423706055,-2.1882734298706055
-3.5632734298706055,-2.9060468673706055,-2.4158124923706055,-2.8005781173706055,-3.1423749923706055,-3.8650312423706055,-3.9949140548706055,-4.0701093673706055,-3.6785078048706055,-3.4851484298706055,-3.3054609298706055,-3.4187421798706055,-3.4431562423706055,-3.4206953048706055,-3.4167890548706055,-3.5652265548706055,-3.7390546798706055,-3.7585859298706055,-3.5163984298706055,-3.1853437423706055,-3.2654218673706055,-3.7048749923706055,-4.3347578048706055,-4.4724531173706055,-4.2185468673706055,-3.7751874923706055,-3.4763593673706055,-3.3191328048706055,-3.3367109298706055,-3.3738203048706055,-3.4392499923706055,-3.4792890548706055,-3.3835859298706055,-3.0974531173706055,-2.8562421798706055,-2.8249921798706055,-3.0066328048706055,-3.0505781173706055,-2.8562421798706055,-2.5554609298706055,-2.3708906173706055,-2.5554609298706055,-2.9412031173706055
-3.8396406173706055,-3.1169843673706055,-2.6755781173706055,-2.9236249923706055,-3.2673749923706055,-3.5925703048706055,-3.5134687423706055,-3.3630781173706055,-3.0515546798706055,-2.9079999923706055,-2.7976484298706055,-2.9040937423706055,-3.0310468673706055,-3.1482343673706055,-3.1355390548706055,-3.3122968673706055,-3.5203046798706055,-3.6872968673706055,-3.5212812423706055,-3.2624921798706055,-3.3699140548706055,-3.6706953048706055,-4.2478437423706055,-4.3494062423706055,-4.0730390548706055,-3.5671796798706055,-3.3386640548706055,-3.3220624923706055,-3.4060468673706055,-3.4089765548706055,-3.3454999923706055,-3.3230390548706055,-3.2380781173706055,-3.0808515548706055,-2.8962812423706055,-2.8103437423706055,-2.8503828048706055,-2.7371015548706055,-2.6511640548706055,-2.5173749923706055,-2.9412031173706055,-3.3953046798706055,-3.6736249923706055
-4.1335859298706055,-3.5163984298706055,-3.0828046798706055,-2.7839765548706055,-2.8132734298706055,-2.7507734298706055,-2.6355390548706055,-2.6833906173706055,-2.6999921798706055,-2.6804609298706055,-2.4538984298706055,-2.3425703048706055,-2.4665937423706055,-2.7234296798706055,-2.9890546798706055,-3.1892499923706055,-3.3445234298706055,-3.4314374923706055,-3.2244062423706055,-3.0681562423706055,-2.9665937423706055,-3.3191328048706055,-3.6550703048706055,-3.9714765548706055,-3.6374921798706055,-3.2331953048706055,-2.7986249923706055,-2.8357343673706055,-2.9949140548706055,-3.1921796798706055,-3.1960859298706055,-3.1150312423706055,-3.0212812423706055,-2.9265546798706055,-2.8337812423706055,-2.7683515548706055,-2.6746015548706055,-2.5496015548706055,-2.4597578048706055,-2.4910078048706055,-2.7263593673706055,-3.2527265548706055,-3.6492109298706055
