DATA/wind10m.json
{"header": {"parameterCategory": 2, "parameterNumber": 3, "lo1": 5.498000144958496, "la1": 51.819000244140625, "dx": 0.559999942779541, "dy": 0.3600006103515625, "nx": 30, "ny": 25, "refTime": "2024-03-29T08:00:00.000000000"}, "data":
[rows 0 to 24 of 25, columns 0 to 29 of 30]
1.2646994590759277,2.2286453247070312,3.332780122756958,2.3132221698760986,3.7423410415649414,2.299898386001587,5.602455139160156,4.921784400939941,5.15060567855835,8.686617851257324,4.255016326904297,2.9933135509490967,4.015768051147461,4.173915386199951,4.366820335388184,3.6612401008605957,4.815194129943848,5.050387859344482,4.403895378112793,2.8954129219055176,5.282684803009033,5.733954906463623,6.080952167510986,5.819111347198486,5.407812118530273,3.6739845275878906,3.8130149841308594,2.6758604049682617,2.236176013946533,1.5369677543640137
0.6176276206970215,2.5316162109375,4.52960205078125,5.686452865600586,5.46110725402832,5.6348958015441895,4.623447895050049,7.4034810066223145,5.731058597564697,4.848214149475098,3.037919282913208,3.6542882919311523,4.886447429656982,5.567118167877197,4.983189582824707,5.150026321411133,3.942197799682617,3.5384297370910645,3.3912887573242188,2.8849856853485107,5.743803024291992,3.51409912109375,3.9595766067504883,4.173915386199951,4.298463821411133,4.435756683349609,2.420970916748047,2.785926342010498,2.1701364517211914,1.7860643863677979
2.0264716148376465,2.8004086017608643,2.237334728240967,4.233582496643066,4.2660231590271,4.804766654968262,4.603172302246094,4.643143653869629,4.706866264343262,7.550042152404785,3.944514751434326,3.322352886199951,4.853427410125732,3.876737594604492,6.292394638061523,2.934225559234619,5.5033955574035645,6.548442840576172,3.9688453674316406,6.695003986358643,4.9090399742126465,4.944956302642822,5.527146816253662,4.9970927238464355,3.9839067459106445,4.7503132820129395,2.9805691242218018,2.6109795570373535,2.005037546157837,2.7795541286468506
5.181308269500732,5.0752973556518555,7.263291835784912,4.614758491516113,4.511643886566162,1.5879456996917725,5.713679790496826,5.0949931144714355,6.612744331359863,5.631419658660889,4.3673996925354,2.642261266708374,5.885729789733887,4.495423793792725,6.194493770599365,4.994775295257568,2.098304033279419,4.206356048583984,3.6357510089874268,5.3950676918029785,5.8237457275390625,4.90846061706543,4.769430160522461,3.431260108947754,3.018223285675049,2.5657944679260254,2.8021464347839355,2.606924295425415,2.0797665119171143,2.597076416015625
5.86719274520874,4.1883978843688965,6.337000370025635,4.600275993347168,3.647336959838867,6.156839847564697,5.207376480102539,3.93988037109375,1.954638957977295,3.4654386043548584,1.543919324874878,4.055739402770996,4.143792152404785,4.147267818450928,-0.41004037857055664,-1.9277911186218262,1.611696720123291,1.7872228622436523,1.1250896453857422,6.036346435546875,6.690948963165283,3.4631214141845703,6.2344651222229,3.2076525688171387,3.794477701187134,2.2813611030578613,3.388392448425293,3.2389345169067383,2.3717308044433594,1.549133062362671
4.124095916748047,4.1582746505737305,5.532360553741455,4.175653457641602,4.288036346435547,-0.07810449600219727,1.6302342414855957,-0.479555606842041,0.5643329620361328,4.038939952850342,2.9707212448120117,6.840986251831055,3.5575461387634277,2.9307498931884766,1.7090182304382324,2.420970916748047,3.897592067718506,5.122220039367676,3.642702579498291,3.234300136566162,2.660219430923462,2.7697060108184814,5.411867141723633,4.405054092407227,2.868765354156494,3.2429895401000977,3.365799903869629,2.440666913986206,1.853841781616211,2.2448654174804688
4.929315090179443,4.529022693634033,4.617654800415039,2.2958433628082275,3.682673931121826,2.627779006958008,3.692521810531616,3.047767400741577,5.5665388107299805,2.0965662002563477,4.125833988189697,3.7492928504943848,3.7417619228363037,-0.285491943359375,2.5553672313690186,2.627779006958008,3.8124356269836426,5.678342819213867,5.143653869628906,5.3701581954956055,2.889620065689087,4.124675273895264,3.173474073410034,4.05110502243042,3.954942226409912,2.9278533458709717,2.6689088344573975,2.3358147144317627,2.818366765975952,3.690783977508545
3.444004535675049,2.872241258621216,4.431121826171875,1.0410919189453125,2.7146730422973633,1.0822219848632812,1.1893911361694336,1.314518928527832,3.5459604263305664,3.007216691970825,2.302794933319092,3.0767321586608887,1.7130732536315918,2.2576098442077637,2.067601442337036,2.8253183364868164,3.4121434688568115,3.4874517917633057,4.991299629211426,4.337276458740234,3.3043947219848633,3.927135944366455,3.154357433319092,4.045891284942627,2.9585559368133545,2.4366118907928467,-0.5062031745910645,1.5323333740234375,1.0793251991271973,3.027492046356201
3.9665279388427734,3.8274974822998047,5.64879846572876,3.2030181884765625,-0.12966203689575195,-1.7337274551391602,3.2707955837249756,0.8580350875854492,1.1946048736572266,0.5788149833679199,2.3334975242614746,1.6012694835662842,2.4366118907928467,4.610124111175537,2.9510252475738525,3.1300270557403564,1.5317542552947998,2.8090980052948,2.2906296253204346,0.8765721321105957,3.796794891357422,3.158412456512451,4.715555667877197,4.205197334289551,3.1427714824676514,4.612441062927246,3.259788990020752,0.5753393173217773,2.405329942703247,3.684990882873535
3.5575461387634277,4.510485649108887,4.049946308135986,4.030829429626465,2.1371166706085205,2.5159752368927,0.3378286361694336,3.229665756225586,0.997065544128418,-0.8815855979919434,-0.03465747833251953,3.821704387664795,1.579256296157837,2.6086623668670654,1.5132167339324951,1.51611328125,5.728161811828613,2.988100051879883,2.2025768756866455,4.128150939941406,5.165087699890137,2.9991066455841064,3.711059331893921,2.86181378364563,-0.7686233520507812,1.387509822845459,1.94189453125,1.226466178894043,3.1578333377838135,3.2186591625213623
4.738148212432861,6.269222736358643,3.690783977508545,3.773043632507324,1.2154593467712402,3.51409912109375,3.6085243225097656,-0.09142827987670898,0.3540487289428711,1.435011863708496,3.4127228260040283,1.9888174533843994,2.7697060108184814,0.20980453491210938,1.7559411525726318,0.7363829612731934,0.4056062698364258,-0.22930049896240234,-2.6924595832824707,2.4852726459503174,4.305994510650635,-0.3167738914489746,2.8282148838043213,2.148702621459961,-0.7489275932312012,1.2119836807250977,1.9650661945343018,0.9072747230529785,2.166660785675049,3.544222354888916
5.4228739738464355,3.3009188175201416,1.7339279651641846,1.9766521453857422,4.121199607849121,-0.22003173828125,-0.9592113494873047,3.3547933101654053,-0.22930049896240234,1.3585453033447266,2.612138032913208,2.5883870124816895,6.386819839477539,0.6031455993652344,1.4969966411590576,2.123792886734009,3.3264079093933105,3.685570240020752,4.428804874420166,2.831690549850464,4.3899922370910645,5.239816665649414,3.975796699523926,2.2101078033447266,0.435150146484375,0.9976449012756348,2.0067756175994873,1.29945707321167,3.654867649078369,3.1908531188964844
4.9466938972473145,1.9303085803985596,-0.9806451797485352,3.9294533729553223,0.7630305290222168,-1.222790241241455,2.977093458175659,7.434183597564697,5.961038112640381,3.222134828567505,0.18489503860473633,4.329166412353516,3.136399269104004,4.332642078399658,3.8257594108581543,4.722506999969482,0.03369903564453125,0.8464488983154297,3.788684844970703,6.248368263244629,5.174356460571289,6.868213176727295,5.881095886230469,4.146688461303711,2.0594913959503174,2.7540650367736816,4.446183681488037,3.5413260459899902,3.987382650375366,2.6358890533447266
6.646922588348389,4.195928573608398,5.862558364868164,3.4173569679260254,0.41024065017700195,-1.1086692810058594,6.5936279296875,8.745126724243164,0.44615650177001953,-1.8936128616333008,9.07822036743164,7.162494659423828,9.200451850891113,8.515726089477539,9.311676025390625,-0.07636690139770508,6.419260025024414,1.4778800010681152,-0.14993715286254883,1.7466723918914795,6.9371490478515625,7.07038688659668,2.8432765007019043,3.1474058628082275,3.007216691970825,2.9110538959503174,4.7427825927734375,5.050387859344482,4.175653457641602,4.336697101593018
7.580165863037109,9.112977981567383,-0.9059162139892578,-0.17948102951049805,-0.3040294647216797,12.7810697555542,9.026084899902344,3.0147476196289062,6.081531524658203,4.008237361907959,3.287595272064209,0.31291913986206055,1.9702799320220947,0.7659273147583008,2.972459077835083,1.4344329833984375,0.23355579376220703,3.3466832637786865,2.2251694202423096,3.912074565887451,3.9456734657287598,3.595200538635254,4.604910373687744,4.005340576171875,5.134385108947754,4.407950401306152,3.466017723083496,5.049808502197266,4.326848983764648,3.5755043029785156
5.584496974945068,7.92194938659668,-1.502589225769043,8.641432762145996,6.7656779289245605,10.65447998046875,0.21038389205932617,6.684576988220215,6.666618824005127,3.077890634536743,0.44499826431274414,0.19937753677368164,0.9165434837341309,0.34188365936279297,1.7623133659362793,2.9237983226776123,4.468776226043701,2.4667351245880127,3.2464652061462402,3.2678990364074707,3.635171890258789,4.1553778648376465,4.438652992248535,3.1248135566711426,5.49238920211792,4.789125919342041,4.874861717224121,4.416639804840088,3.4781830310821533,2.2327003479003906
5.567118167877197,6.430845737457275,2.526981830596924,1.2450037002563477,6.308614730834961,0.10089731216430664,-0.06825685501098633,1.6441373825073242,2.0282094478607178,2.362462282180786,-0.21597671508789062,-0.42683982849121094,0.1912670135498047,-2.4815964698791504,-1.152116298675537,2.921481132507324,0.37664127349853516,0.951301097869873,2.2906296253204346,-0.6857843399047852,4.018664360046387,1.8857030868530273,2.6683294773101807,3.1601505279541016,2.9741969108581543,4.42417049407959,4.249803066253662,2.8450143337249756,3.6519713401794434,1.6035866737365723
2.8502280712127686,7.271401882171631,2.6996114253997803,1.0295062065124512,-0.42510175704956055,-1.091869831085205,-0.3167738914489746,0.0255889892578125,-0.7767333984375,2.0212578773498535,2.7210452556610107,0.12117242813110352,-2.228445053100586,-2.240610122680664,3.741182565689087,3.516416549682617,1.7472517490386963,3.229086399078369,1.150578498840332,4.9884033203125,3.2986018657684326,3.0118510723114014,3.1427714824676514,3.544801712036133,3.942197799682617,4.527864456176758,3.8483519554138184,3.8755788803100586,2.750589370727539,1.1372547149658203
4.747995853424072,9.106026649475098,10.858392715454102,-1.1758670806884766,-1.054215431213379,-1.537926197052002,1.0584707260131836,1.0880146026611328,2.4400875568389893,-0.22234869003295898,-2.6727633476257324,-1.9729762077331543,-3.9576382637023926,5.349303722381592,7.690231800079346,3.0639874935150146,3.4932446479797363,3.342628002166748,3.738286018371582,5.381743907928467,4.337276458740234,2.219376564025879,3.4654386043548584,3.8709444999694824,4.302518844604492,3.796215534210205,3.698314666748047,3.0211198329925537,3.5123612880706787,1.5132167339324951
6.202603816986084,14.940099716186523,8.876626968383789,0.36331748962402344,0.36100053787231445,0.16172313690185547,0.0580296516418457,-1.0779666900634766,1.871220588684082,0.9263916015625,-0.7802090644836426,-0.6168484687805176,2.2535548210144043,9.790752410888672,8.767719268798828,3.607944965362549,5.332503795623779,2.322490930557251,4.294987678527832,3.2609477043151855,4.2590718269348145,1.7750577926635742,3.3269872665405273,3.257471799850464,2.853703737258911,2.795774221420288,2.5762217044830322,2.648054361343384,3.2487823963165283,1.2954020500183105
5.413025856018066,6.485299587249756,4.115985870361328,3.312504768371582,-0.6023659706115723,0.5029277801513672,2.4870104789733887,3.623006582260132,2.3109049797058105,-1.1938252449035645,-0.11228275299072266,0.08583545684814453,4.005340576171875,7.083131313323975,5.081669807434082,6.823028087615967,6.342214107513428,4.998830318450928,4.1252546310424805,4.357551574707031,4.369137763977051,5.423453330993652,0.7132115364074707,3.759140729904175,3.0720977783203125,3.1224963665008545,2.2709336280822754,2.8676068782806396,3.854145050048828,1.6412408351898193
3.272533416748047,7.99609899520874,4.257913112640381,6.896598815917969,-0.23914861679077148,1.51611328125,4.633874893188477,4.325690269470215,2.7569615840911865,3.778836727142334,4.025036811828613,2.9516043663024902,2.175929546356201,4.775802135467529,3.6896252632141113,4.708603858947754,7.6960248947143555,5.254878520965576,0.6755571365356445,5.056759834289551,4.124675273895264,4.728300094604492,1.977231502532959,3.002582311630249,1.9111919403076172,3.151460886001587,3.413301944732666,3.348421096801758,3.5453810691833496,1.0109686851501465
1.5022101402282715,4.366240978240967,0.22718334197998047,-0.6527643203735352,-0.9151849746704102,-0.8085947036743164,2.281940221786499,6.091379642486572,3.8610963821411133,0.9808454513549805,0.34188365936279297,5.649377822875977,9.315152168273926,3.613158702850342,2.372889518737793,3.949728488922119,8.437520980834961,8.442155838012695,4.434597969055176,4.5487189292907715,2.375206708908081,4.958279609680176,4.470514297485352,3.1300270557403564,1.921619176864624,4.311208248138428,1.3660759925842285,2.324808120727539,3.456169843673706,1.8723793029785156
3.854145050048828,2.4238674640655518,-2.1311235427856445,-4.6278815269470215,1.3898272514343262,-0.2982363700866699,0.5759186744689941,6.980016708374023,10.128480911254883,1.684687852859497,4.257913112640381,1.1644816398620605,1.939577341079712,7.387840270996094,2.3833167552948,4.092235088348389,6.089641571044922,6.545546054840088,7.410432815551758,2.0612292289733887,2.6260411739349365,3.802008628845215,3.197225332260132,1.8926544189453125,2.674701690673828,0.26078271865844727,1.8416767120361328,3.378544330596924,2.9840450286865234,2.1197378635406494
3.5789802074432373,-0.2976570129394531,-1.084338665008545,-1.293464183807373,-0.5791940689086914,-2.03438138961792,-0.3799171447753906,4.587531566619873,7.806090354919434,5.171460151672363,4.690066814422607,3.9010677337646484,3.3715927600860596,4.464721202850342,-0.15167522430419922,4.911936283111572,5.590290069580078,5.38869571685791,4.255596160888672,3.7504513263702393,1.3336353302001953,-0.9146056175231934,2.5959177017211914,3.3773858547210693,3.264423370361328,0.24166584014892578,2.690342664718628,0.9588322639465332,-0.5820908546447754,-0.030602455139160156
