DATA/wind10m.json
{"header": {"parameterCategory": 2, "parameterNumber": 3, "lo1": 5.498000144958496, "la1": 51.819000244140625, "dx": 0.559999942779541, "dy": 0.3600006103515625, "nx": 30, "ny": 25, "refTime": "2024-03-29T05:00:00.000000000"}, "data":
[rows 0 to 24 of 25, columns 0 to 29 of 30]
3.9508872032165527,3.1248135566711426,3.6311166286468506,3.181584358215332,6.005643844604492,5.223596572875977,6.34395170211792,4.71323823928833,4.270657539367676,5.641847133636475,4.280505657196045,5.728161811828613,4.497161865234375,0.7068390846252441,4.336697101593018,3.3547933101654053,3.715693473815918,3.6004140377044678,2.6214067935943604,2.650371551513672,2.2257487773895264,2.8224217891693115,3.6508126258850098,3.073835611343384,2.1290066242218018,1.3776617050170898,1.203873634338379,-0.29707765579223633,-0.04334688186645508,-0.2379899024963379
2.188673973083496,1.5670912265777588,3.8332903385162354,3.47876238822937,3.997809886932373,3.8512485027313232,2.606924295425415,4.143792152404785,3.6971561908721924,2.997368812561035,-1.2036733627319336,1.574042558670044,5.932652950286865,5.488913536071777,2.138854503631592,3.2180798053741455,2.778395414352417,3.1699984073638916,2.8328492641448975,1.9256742000579834,4.58057975769043,2.733210563659668,2.551312208175659,2.7870848178863525,2.5229268074035645,2.040374517440796,1.2502169609069824,1.2299418449401855,0.8423938751220703,1.4182124137878418
0.5863461494445801,1.7107560634613037,2.680494785308838,3.650233268737793,3.050663709640503,4.064428806304932,3.9016470909118652,4.954224586486816,3.35768985748291,6.925563335418701,5.778560638427734,6.602896213531494,5.874144077301025,3.9294533729553223,6.240837574005127,2.9886794090270996,4.420694828033447,5.441990375518799,3.368696451187134,4.0041823387146,3.562180519104004,3.776519536972046,3.0877387523651123,3.4526939392089844,1.9801280498504639,2.8954129219055176,1.5433399677276611,0.9611492156982422,0.3001747131347656,2.398378372192383
2.8148910999298096,3.022857666015625,3.87731671333313,4.4096879959106445,4.005340576171875,1.8046019077301025,4.434597969055176,3.6369094848632812,6.531064033508301,4.595062255859375,4.242851257324219,3.682673931121826,6.457493305206299,5.443149089813232,4.977396488189697,4.115985870361328,0.5226235389709473,3.3067119121551514,0.0018382072448730469,3.9485697746276855,4.82272481918335,3.8813719749450684,2.218797206878662,1.972017765045166,2.42618465423584,2.0618083477020264,1.2542724609375,1.249058723449707,0.9136471748352051,1.4952585697174072
4.173915386199951,4.426487922668457,5.476169109344482,3.6936802864074707,3.0842628479003906,4.640247344970703,3.2632648944854736,1.8665862083435059,1.6586196422576904,2.145806074142456,0.8087949752807617,3.057615280151367,4.007078647613525,2.6613781452178955,-0.6278548240661621,-1.5217061042785645,1.009809970855713,1.4790382385253906,-0.7130112648010254,2.148702621459961,3.141613006591797,2.263982057571411,4.1855010986328125,2.8983094692230225,2.969562530517578,1.5676703453063965,1.626758337020874,2.5704288482666016,2.5727460384368896,1.1546335220336914
4.497740745544434,3.106276035308838,3.5256850719451904,3.7151143550872803,4.0847039222717285,-1.2940435409545898,1.7970709800720215,0.34304237365722656,1.0758495330810547,3.0245954990386963,2.9956307411193848,7.336862087249756,3.9178671836853027,3.0489258766174316,0.21443891525268555,1.5676703453063965,3.7504513263702393,5.1957902908325195,3.163626194000244,1.2322592735290527,1.1789641380310059,1.2925057411193848,4.3772478103637695,3.942777156829834,2.069918632507324,-0.2721681594848633,0.6726608276367188,1.4471774101257324,0.8673038482666016,0.7242178916931152
3.408088445663452,4.032567501068115,6.192176818847656,0.8145880699157715,3.5656564235687256,1.0607881546020508,3.917288064956665,3.065725564956665,5.2311272621154785,1.468031883239746,2.6915013790130615,2.5681116580963135,2.8652896881103516,-0.24725866317749023,2.7951951026916504,1.339428424835205,3.3901302814483643,4.536553382873535,2.151599168777466,2.8073601722717285,2.1376960277557373,3.6409645080566406,1.859055519104004,3.8558828830718994,3.118441343307495,1.6389236450195312,2.4453012943267822,1.3359527587890625,0.7415966987609863,-0.45754241943359375
2.8606553077697754,3.0871593952178955,6.446486949920654,1.9077162742614746,3.1595711708068848,-0.05145692825317383,1.349855899810791,1.6047453880310059,3.057615280151367,2.3056912422180176,2.4597835540771484,2.5159752368927,0.820380687713623,0.6633920669555664,3.5152578353881836,-0.09548330307006836,1.1216139793395996,1.0063343048095703,2.839221477508545,2.101200580596924,1.9807071685791016,5.066028594970703,0.8951096534729004,1.210824966430664,1.2380518913269043,2.055436134338379,0.8974270820617676,0.8991646766662598,-1.0524778366088867,0.1420273780822754
6.299925327301025,6.180590629577637,7.309056282043457,1.7796921730041504,-0.24030685424804688,1.2299418449401855,0.8140087127685547,4.746837615966797,2.3080084323883057,0.8458695411682129,2.130744457244873,0.9026408195495605,0.5701255798339844,2.9081573486328125,1.7460930347442627,2.4696316719055176,2.661957263946533,1.7634718418121338,0.5759186744689941,-0.9748520851135254,1.7663683891296387,0.32740116119384766,3.2383551597595215,1.7385623455047607,1.3533315658569336,-3.6859498023986816,-0.3161945343017578,-0.8972268104553223,0.590980052947998,0.7317485809326172
5.49818229675293,6.320779800415039,3.5256850719451904,4.812297821044922,3.328145742416382,2.7795541286468506,0.6825089454650879,4.895136833190918,0.541161060333252,-1.409322738647461,1.8150291442871094,3.4196741580963135,1.7669477462768555,1.5925800800323486,0.3737449645996094,0.010527610778808594,2.5258231163024902,3.2487823963165283,3.0413951873779297,3.4851346015930176,3.8836889266967773,0.5782356262207031,0.33087730407714844,1.3313183784484863,0.9026408195495605,0.5967731475830078,-0.3828134536743164,-0.06478071212768555,1.7414586544036865,2.244286060333252
6.302822113037109,6.290077209472656,4.454293727874756,4.458348751068115,2.5252439975738525,3.390709638595581,3.6345925331115723,-0.20091485977172852,-0.06709814071655273,1.891495943069458,2.069918632507324,2.095986843109131,3.5083062648773193,0.21617698669433594,0.21965265274047852,-0.11865520477294922,-0.13371706008911133,-0.008009910583496094,-2.7486510276794434,0.7259559631347656,1.7895400524139404,-0.15746784210205078,1.5404436588287354,0.9101715087890625,-0.2194523811340332,1.334214687347412,2.0560154914855957,0.8105325698852539,0.5741806030273438,3.45153546333313
7.8269453048706055,0.3360905647277832,2.6897635459899902,1.4726662635803223,4.367979049682617,0.04180908203125,-1.4881067276000977,2.251237630844116,-0.6516060829162598,1.6765778064727783,-0.21192169189453125,1.1117658615112305,0.3546280860900879,-0.4337911605834961,-0.18469476699829102,0.5625948905944824,2.0166234970092773,-0.6886806488037109,-1.0478434562683105,2.123792886734009,0.525519847869873,3.1306064128875732,2.579118251800537,2.6909220218658447,-0.4998307228088379,0.32740116119384766,-1.9069366455078125,1.7014873027801514,3.5152578353881836,3.7064249515533447
9.347013473510742,3.4648592472076416,-0.40888166427612305,3.0193819999694824,0.4171919822692871,-0.6817293167114258,-0.250154972076416,2.526402473449707,5.842862129211426,4.378406524658203,-0.7234382629394531,4.241113662719727,1.6076416969299316,4.487893104553223,2.882089138031006,3.519312858581543,0.1727299690246582,-1.046684741973877,3.269637107849121,2.4904861450195312,1.5022101402282715,3.1752121448516846,2.3468213081359863,1.6829500198364258,-0.0010585784912109375,1.3840341567993164,2.2755680084228516,2.720466136932373,2.6329925060272217,2.181722402572632
5.639530181884766,5.00809907913208,6.08211088180542,3.5430641174316406,1.4691905975341797,-0.42857789993286133,5.971465587615967,10.898942947387695,0.4849696159362793,-1.0119271278381348,5.936128616333008,4.9640727043151855,8.927024841308594,7.642150402069092,7.54888391494751,0.5243616104125977,4.863854885101318,-0.7083768844604492,-0.7807884216308594,0.1721506118774414,2.506127119064331,2.418653726577759,-0.4853487014770508,2.5408847332000732,1.2832369804382324,1.03761625289917,1.9407360553741455,3.1555161476135254,3.9410390853881836,3.672825813293457
7.428969860076904,8.843027114868164,-0.741396427154541,0.44036388397216797,1.0202374458312988,8.903274536132812,6.590151786804199,3.0211198329925537,4.69354248046875,3.025174856185913,0.5793943405151367,-1.5587806701660156,0.5811324119567871,2.499175548553467,2.0710771083831787,2.4597835540771484,0.2381901741027832,2.964928150177002,0.5759186744689941,2.198521852493286,2.5750632286071777,1.2536931037902832,2.6492128372192383,3.015326738357544,2.7720232009887695,2.022416353225708,3.186797857284546,2.7615959644317627,2.9788312911987305,3.0344436168670654
6.258216381072998,7.555835723876953,-0.013223648071289062,7.924266815185547,3.7023696899414062,8.160039901733398,0.36157989501953125,7.114413261413574,3.4075090885162354,-1.0831804275512695,-0.6637711524963379,2.0710771083831787,0.402130126953125,-0.7327070236206055,2.267457962036133,1.3087258338928223,4.880654335021973,0.9959068298339844,2.175929546356201,1.7194454669952393,0.8389182090759277,3.073256254196167,2.4829554557800293,1.021975040435791,2.3213322162628174,3.382599353790283,2.826476812362671,3.171736240386963,2.868765354156494,2.413439989089966
5.89847469329834,5.2288103103637695,0.4536876678466797,0.9634666442871094,5.676604747772217,0.23181772232055664,-0.41061973571777344,0.9310259819030762,0.14376497268676758,-1.152116298675537,0.06034660339355469,-0.9343013763427734,0.44094324111938477,-2.928811550140381,-0.26116180419921875,1.0127062797546387,0.008789539337158203,1.1615853309631348,1.2571687698364258,-2.0963659286499023,0.5956144332885742,1.3388490676879883,1.120455265045166,-0.34168338775634766,0.8151669502258301,0.5452160835266113,1.629654884338379,2.5802767276763916,1.9639077186584473,-0.3550071716308594
0.6199450492858887,6.067628383636475,1.9285707473754883,0.6257381439208984,-0.6724605560302734,-1.3021535873413086,-0.9702177047729492,1.261803150177002,-2.980947971343994,0.11943483352661133,2.2327003479003906,-1.0264091491699219,-2.127647876739502,-0.9904932975769043,-2.044229507446289,1.8382008075714111,2.231541633605957,2.3815789222717285,-0.7147488594055176,-1.1509575843811035,2.435453176498413,2.108151912689209,0.8869996070861816,1.468611240386963,1.904240369796753,1.1262483596801758,0.8342838287353516,-0.3468971252441406,0.858614444732666,1.024871826171875
3.2105491161346436,7.672273635864258,9.391618728637695,-1.9555974006652832,-1.512437343597412,-2.0309057235717773,-0.47086620330810547,0.4513702392578125,-0.17368841171264648,-2.546477794647217,-2.8621926307678223,-2.124751091003418,-3.596158504486084,-3.503471851348877,4.657046794891357,-0.27564382553100586,0.42356443405151367,2.675281047821045,1.495837926864624,2.2147421836853027,2.0032997131347656,0.9373984336853027,-1.3038911819458008,0.6460132598876953,1.246161937713623,1.9077162742614746,1.7484102249145508,1.9100334644317627,1.5421814918518066,1.0439882278442383
5.0451741218566895,11.463174819946289,6.590151786804199,-0.2536306381225586,-0.43958425521850586,-0.9621076583862305,-0.05609130859375,-0.058988094329833984,1.964487075805664,0.8058986663818359,-2.341986656188965,-2.5800766944885254,-2.1317028999328613,7.139322757720947,8.182052612304688,2.387951135635376,3.208811044692993,3.191432237625122,2.6515300273895264,2.004458427429199,0.4635353088378906,1.9308879375457764,0.42414331436157227,2.6694881916046143,-0.4453773498535156,-0.3990335464477539,-0.4685487747192383,0.33203554153442383,0.7526035308837891,-1.663632869720459
6.030553817749023,6.248947620391846,2.226328134536743,2.448197841644287,-1.2807197570800781,-0.13313770294189453,3.5534911155700684,2.3033742904663086,2.4018542766571045,-1.1712327003479004,0.31349849700927734,5.010416507720947,3.148564577102661,9.275760650634766,8.821014404296875,7.088345050811768,3.1201791763305664,3.879054546356201,2.811415195465088,4.312946319580078,1.8515245914459229,4.215624809265137,0.5851874351501465,2.4817967414855957,2.2147421836853027,2.947549343109131,3.3293044567108154,3.0466086864471436,4.8684892654418945,2.8096773624420166
3.4167778491973877,7.175239086151123,5.310490608215332,5.282105445861816,0.3071260452270508,1.664991855621338,8.805952072143555,3.78347110748291,1.8474695682525635,3.277167797088623,2.7621753215789795,2.6086623668670654,2.962610960006714,8.742230415344238,7.316586971282959,5.169722080230713,7.28125,3.801429271697998,0.047602176666259766,3.7869467735290527,3.3542139530181885,3.486872434616089,0.402130126953125,3.0413951873779297,1.6024281978607178,3.370434284210205,1.551450252532959,3.5274229049682617,2.9892585277557373,-2.472907066345215
1.5242233276367188,3.8703651428222656,-0.11286211013793945,-0.28027820587158203,-0.5334300994873047,8.706892967224121,4.781595230102539,4.278188228607178,3.0871593952178955,-0.6724605560302734,-0.053774356842041016,5.497602939605713,5.119903087615967,4.295567035675049,5.1384406089782715,3.479341506958008,4.47862434387207,6.016071319580078,1.3191533088684082,2.445880651473999,1.488306999206543,4.936266899108887,4.768850803375244,2.2101078033447266,1.0631051063537598,5.082828044891357,2.4846932888031006,2.785926342010498,3.4469010829925537,1.7321898937225342
3.690204620361328,2.199101209640503,-1.7684855461120605,-4.62962007522583,6.533960342407227,10.612771987915039,0.7010459899902344,4.0296711921691895,7.257498741149902,3.398240327835083,3.179267168045044,-0.05145692825317383,2.9452321529388428,4.065587520599365,1.8654277324676514,3.075573444366455,5.287898540496826,6.401881217956543,6.3526411056518555,0.3841724395751953,2.4250259399414062,3.0993244647979736,2.685129165649414,2.3010571002960205,2.281940221786499,1.4726662635803223,2.0061962604522705,2.611558675765991,2.9492874145507812,0.46121835708618164
3.904543399810791,0.6147313117980957,1.7860643863677979,6.1863837242126465,8.183211326599121,9.27518081665039,-1.7841262817382812,5.43967342376709,8.454900741577148,4.985506534576416,5.291374206542969,4.866171836853027,3.247623920440674,5.908901691436768,0.7966299057006836,0.7387003898620605,1.6702055931091309,2.9440736770629883,5.206797122955322,4.628082275390625,1.6858465671539307,-0.6017866134643555,2.9411771297454834,3.3623242378234863,4.37145471572876,0.5759186744689941,2.3132221698760986,0.9275503158569336,0.36215925216674805,0.268892765045166
