DATA/wind1000hPa_forecast.json
{"header": {"parameterCategory": 2, "parameterNumber": 3, "lo1": 5.498000144958496, "la1": 51.819000244140625, "dx": 0.559999942779541, "dy": 0.3600006103515625, "nx": 30, "ny": 25, "refTime": "2024-04-03T04:00:00.000000000"}, "data":
[rows 0 to 24 of 25, columns 0 to 29 of 30]
4.965694904327393,3.3560433387756348,3.0283761024475098,1.8567166328430176,2.176661491394043,1.848994255065918,1.4970550537109375,1.7000541687011719,1.3481154441833496,1.4816093444824219,1.8953309059143066,0.5824551582336426,0.5824551582336426,0.6298952102661133,0.5129499435424805,0.23161935806274414,0.30112457275390625,0.676231861114502,0.3717327117919922,0.6453404426574707,1.2940559387207031,1.91849946975708,0.3717327117919922,1.0590620040893555,1.6217231750488281,0.4114499092102051,1.114224910736084,1.411001205444336,1.411001205444336,1.4264464378356934
4.144872188568115,3.3560433387756348,2.980935573577881,2.0199990272521973,1.411001205444336,0.9343938827514648,0.5824551582336426,1.5279464721679688,1.411001205444336,2.138047218322754,0.05951118469238281,1.7154998779296875,2.1457700729370117,2.3719377517700195,1.2388930320739746,0.7622857093811035,0.5515637397766113,0.23934221267700195,-0.011097431182861328,-0.011097431182861328,1.4893321990966797,0.5283951759338379,0.9818339347839355,0.7942805290222168,0.5824551582336426,0.7005033493041992,1.1373934745788574,0.9421167373657227,1.1219477653503418,1.3172240257263184
2.215275287628174,2.434823513031006,1.8015542030334473,1.3403925895690918,1.3172240257263184,1.0910563468933105,1.0204482078552246,2.176661491394043,1.551114559173584,3.2545437812805176,1.4661636352539062,0.9730081558227539,2.0199990272521973,1.9504938125610352,2.4502692222595215,0.6530632972717285,0.8560628890991211,1.661440372467041,0.7005033493041992,0.3640098571777344,0.22389650344848633,1.1219477653503418,2.6687140464782715,2.5517687797546387,1.5985546112060547,2.0045533180236816,1.4341692924499512,0.8097257614135742,0.9498395919799805,1.7077770233154297
3.8017592430114746,2.098330020904541,2.762490749359131,0.567009449005127,1.223447322845459,0.6453404426574707,2.3719377517700195,1.7309455871582031,2.8562674522399902,1.738668441772461,2.098330020904541,1.520223617553711,3.160767078399658,2.9886584281921387,0.8020029067993164,-0.46343278884887695,0.21617364883422852,1.1925559043884277,1.1065020561218262,1.6691632270812988,1.8015542030334473,2.544045925140381,2.316774845123291,1.551114559173584,1.5753865242004395,1.0910563468933105,1.075610637664795,1.1065020561218262,1.1296706199645996,2.2318243980407715
1.9262218475341797,1.5676636695861816,1.7309455871582031,0.7700085639953613,0.3253960609436035,1.6217231750488281,2.614654064178467,1.364664077758789,0.786557674407959,0.5901775360107422,0.036342620849609375,1.7629399299621582,1.4816093444824219,0.34084177017211914,1.6923317909240723,2.05971622467041,1.551114559173584,1.2157244682312012,0.8328943252563477,1.8567166328430176,1.8401679992675781,0.895780086517334,1.364664077758789,1.3481154441833496,2.3410468101501465,1.3481154441833496,1.5279464721679688,2.0199990272521973,2.1534929275512695,1.1682844161987305
2.1292214393615723,1.7861084938049316,1.2466158866882324,0.37945556640625,1.2940559387207031,-0.30015087127685547,0.567009449005127,0.5052270889282227,0.8715081214904785,0.30112457275390625,1.4187235832214355,1.9736618995666504,1.4496150016784668,1.6768860816955566,1.4264464378356934,1.005002498626709,2.2704381942749023,3.2159295082092285,3.051544666290283,0.7622857093811035,0.11467409133911133,0.23934221267700195,1.9504938125610352,2.653268337249756,1.6537175178527832,1.879885196685791,1.5047779083251953,1.2863330841064453,0.9972796440124512,1.3249468803405762
2.325601100921631,1.6691632270812988,3.160767078399658,1.0281705856323242,2.184384346008301,2.138047218322754,1.4496150016784668,1.551114559173584,1.9427709579467773,0.7005033493041992,1.9030537605285645,1.1528387069702148,1.2002787590026855,1.0833334922790527,1.8015542030334473,0.6927804946899414,1.8015542030334473,2.5517687797546387,1.2543387413024902,0.6376175880432129,1.6448917388916016,2.1534929275512695,2.2395472526550293,3.528151035308838,1.0281705856323242,1.0987792015075684,1.7077770233154297,0.6067266464233398,1.8567166328430176,1.7309455871582031
1.989107608795166,1.441892147064209,2.8253769874572754,1.301778793334961,1.958216667175293,1.4341692924499512,0.6144495010375977,0.8020029067993164,1.9968304634094238,1.6140003204345703,1.4187235832214355,1.661440372467041,1.4496150016784668,-0.3310418128967285,0.6685090065002441,1.005002498626709,1.2940559387207031,0.895780086517334,1.0513391494750977,0.7236719131469727,0.7622857093811035,3.418928623199463,0.676231861114502,0.8406171798706055,1.3723869323730469,1.583108901977539,0.4114499092102051,-0.04971122741699219,0.17645645141601562,0.1610107421875
2.356492519378662,1.7474942207336426,2.4579920768737793,2.544045925140381,0.6298952102661133,-0.27698230743408203,1.4032783508300781,0.02089691162109375,0.6530632972717285,1.2863330841064453,1.1605615615844727,0.3099503517150879,-0.08942842483520508,0.4732327461242676,-0.13576555252075195,1.3801097869873047,1.4584412574768066,0.676231861114502,0.6685090065002441,0.5824551582336426,1.7077770233154297,1.4893321990966797,0.708226203918457,1.145115852355957,2.098330020904541,-1.416646957397461,0.04406547546386719,1.2080016136169434,1.0987792015075684,0.8560628890991211
1.6923317909240723,1.9339447021484375,2.207552433013916,1.7474942207336426,2.9974846839904785,1.2940559387207031,0.30112457275390625,2.5517687797546387,0.926671028137207,0.270233154296875,1.738668441772461,2.536323070526123,1.4496150016784668,1.5985546112060547,0.35628747940063477,-0.1743793487548828,1.0127253532409668,0.8792309761047363,0.8637857437133789,2.0828847885131836,2.247269630432129,1.583108901977539,2.3333239555358887,1.0667848587036133,0.6453404426574707,0.1532878875732422,1.3481154441833496,0.4732327461242676,2.090607166290283,1.3878326416015625
1.7938313484191895,2.8099312782287598,2.6058287620544434,1.6140003204345703,1.1605615615844727,1.3095011711120605,2.4425463676452637,0.5052270889282227,0.6453404426574707,1.1373934745788574,2.6223769187927246,1.6140003204345703,2.8176541328430176,0.8251714706420898,2.1612157821655273,0.44234132766723633,0.45006418228149414,-0.46343278884887695,1.441892147064209,0.567009449005127,2.0442705154418945,1.6371688842773438,1.3558382987976074,1.411001205444336,0.8880572319030762,1.0127253532409668,1.8876080513000488,0.7391176223754883,0.7159490585327148,3.1375985145568848
2.2229981422424316,0.8328943252563477,1.3481154441833496,1.301778793334961,2.176661491394043,-0.3310418128967285,-0.4722585678100586,1.583108901977539,-0.4877042770385742,0.8406171798706055,0.07495689392089844,0.7777314186096191,0.3949012756347656,2.1534929275512695,-0.5572094917297363,1.3878326416015625,0.6376175880432129,1.411001205444336,0.599003791809082,0.7545628547668457,1.3403925895690918,1.7783856391906738,2.544045925140381,1.9339447021484375,-0.06515693664550781,0.5052270889282227,-0.4799814224243164,1.6062774658203125,3.269989490509033,2.942322254180908
2.3642148971557617,1.6062774658203125,0.051788330078125,0.676231861114502,0.7700085639953613,0.20734739303588867,0.708226203918457,0.6685090065002441,1.2002787590026855,0.4732327461242676,0.18417930603027344,1.2388930320739746,1.3558382987976074,1.3403925895690918,0.7545628547668457,0.5129499435424805,-0.026543140411376953,0.49750423431396484,1.2311701774597168,0.7313947677612305,-0.166656494140625,1.8092765808105469,2.293606758117676,1.1682844161987305,0.19962453842163086,1.223447322845459,1.661440372467041,2.793382167816162,3.411205768585205,1.3172240257263184
2.7161545753479004,3.2468209266662598,1.4187235832214355,1.3955554962158203,0.5901775360107422,-0.3310418128967285,1.2620611190795898,1.7000541687011719,-1.1827564239501953,0.028619766235351562,1.6768860816955566,1.1528387069702148,3.2159295082092285,1.5676636695861816,1.5356688499450684,0.3099503517150879,0.5361180305480957,-0.8153715133666992,0.3871784210205078,-0.33876466751098633,0.9035029411315918,1.8015542030334473,-0.40937328338623047,1.2466158866882324,2.427100658416748,1.1296706199645996,3.129875659942627,3.2468209266662598,3.848095417022705,4.965694904327393
4.676641941070557,4.6843647956848145,0.2547874450683594,0.4268956184387207,1.0436162948608398,2.3796606063842773,0.04406547546386719,0.46550989151000977,1.5676636695861816,1.2002787590026855,0.3949012756347656,-1.229093074798584,-0.49542713165283203,1.5985546112060547,-0.8308172225952148,-0.13576555252075195,0.12239694595336914,0.7391176223754883,-0.46343278884887695,0.2779560089111328,0.3949012756347656,-0.901425838470459,0.9498395919799805,1.4816093444824219,1.4816093444824219,2.3642148971557617,2.973212718963623,4.144872188568115,4.332425594329834,4.379866123199463
3.566765308380127,3.715705394744873,-1.6119232177734375,1.7861084938049316,1.9736618995666504,3.606482982635498,-0.4799814224243164,2.6300997734069824,0.24706459045410156,-0.25271081924438477,-1.1353163719177246,-0.7999262809753418,0.488677978515625,-1.3228697776794434,0.14556503295898438,-0.5892038345336914,0.676231861114502,-0.6432638168334961,-0.6432638168334961,-0.5108728408813477,0.7005033493041992,1.879885196685791,1.1373934745788574,0.5283951759338379,1.7077770233154297,1.8169994354248047,3.8800902366638184,4.6843647956848145,4.731804370880127,4.059920787811279
3.575591564178467,2.7161545753479004,1.223447322845459,1.0513391494750977,3.192760944366455,0.4809551239013672,-0.23726511001586914,-0.6355409622192383,-0.6907038688659668,-1.2456421852111816,0.12239694595336914,-1.307424545288086,1.1296706199645996,-2.026747941970825,-0.12031984329223633,0.895780086517334,0.1687335968017578,-0.23726511001586914,1.2543387413024902,-0.5185956954956055,0.19190216064453125,1.1219477653503418,1.0281705856323242,1.3878326416015625,2.402829170227051,1.583108901977539,3.051544666290283,4.410756587982178,3.4034829139709473,1.1925559043884277
0.09040212631225586,1.7077770233154297,0.04406547546386719,0.1610107421875,-0.14348840713500977,-0.29242801666259766,-1.0735340118408203,-0.7447633743286133,-1.596477746963501,-0.08942842483520508,0.488677978515625,-1.1673107147216797,-4.0655670166015625,-0.8937029838562012,7.371899127960205,0.6685090065002441,0.7622857093811035,2.4425463676452637,-0.39392757415771484,1.3801097869873047,1.3403925895690918,0.8483400344848633,0.5283951759338379,4.26292085647583,4.762695789337158,3.3560433387756348,3.1144299507141113,4.113980770111084,5.520633220672607,3.192760944366455
-0.166656494140625,1.1528387069702148,1.7232227325439453,0.4191727638244629,-1.4949779510498047,-1.6119232177734375,0.29340171813964844,-1.2842559814453125,-1.1827564239501953,1.5599408149719238,-1.2842559814453125,-1.5424180030822754,-0.12804269790649414,3.231375217437744,4.4659199714660645,0.5283951759338379,-0.041988372802734375,2.9886584281921387,1.0667848587036133,0.14556503295898438,2.207552433013916,-0.5108728408813477,0.23161935806274414,3.457542896270752,4.770418643951416,4.871918201446533,2.653268337249756,3.723428249359131,4.567419528961182,1.2157244682312012
2.6378226280212402,5.51291036605835,3.269989490509033,-0.8859801292419434,-1.2379193305969238,-0.026543140411376953,4.519979000091553,-0.4325413703918457,-2.589409112930298,2.1921072006225586,-3.761068105697632,-3.5580687522888184,-1.925248384475708,1.1771106719970703,1.8247222900390625,-0.5572094917297363,1.2080016136169434,0.7391176223754883,2.090607166290283,-0.45570993423461914,-0.38620471954345703,-0.49542713165283203,-0.28470516204833984,0.7622857093811035,3.8172049522399902,4.316979885101318,2.871713161468506,3.832650661468506,2.5208773612976074,-0.45570993423461914
1.5433917045593262,1.7232227325439453,1.9504938125610352,1.8721623420715332,0.30112457275390625,2.871713161468506,5.480916500091553,4.910532474517822,3.2865376472473145,0.4191727638244629,-3.753345251083374,-0.8782572746276855,2.7856593132019043,3.3803153038024902,2.395106315612793,2.1534929275512695,1.958216667175293,0.6607861518859863,-0.15121078491210938,2.7702136039733887,1.9659395217895508,2.7856593132019043,-0.15121078491210938,0.8637857437133789,1.0910563468933105,1.9262218475341797,3.7311501502990723,1.1771106719970703,4.7229790687561035,0.1610107421875
1.223447322845459,1.6537175178527832,0.33311891555786133,2.098330020904541,1.6371688842773438,1.0513391494750977,7.53628396987915,3.3803153038024902,0.676231861114502,3.1144299507141113,2.0442705154418945,2.9500441551208496,3.637373447418213,2.9268765449523926,3.6605420112609863,2.7084317207336426,2.0045533180236816,2.903707981109619,-0.9091486930847168,2.199829578399658,0.028619766235351562,1.7783856391906738,0.488677978515625,0.708226203918457,0.40372753143310547,0.3871784210205078,1.4341692924499512,1.114224910736084,3.794036388397217,-1.9098026752471924
-1.0183711051940918,0.05951118469238281,0.23934221267700195,-0.2063736915588379,-0.24498796463012695,10.3253173828125,10.645263671875,6.723184108734131,-0.041988372802734375,0.8637857437133789,0.19962453842163086,2.4193778038024902,1.9262218475341797,5.285640239715576,3.457542896270752,3.7079825401306152,3.4034829139709473,0.9730081558227539,2.4888834953308105,0.3640098571777344,0.7468404769897461,1.6371688842773438,1.145115852355957,-0.4799814224243164,-0.13576555252075195,1.5599408149719238,0.45006418228149414,0.3253960609436035,1.1065020561218262,0.01207113265991211
0.9575624465942383,0.37945556640625,-0.14348840713500977,2.473437786102295,4.864195346832275,9.684326171875,9.747211456298828,6.895291805267334,3.3560433387756348,-0.27698230743408203,1.6691632270812988,-0.29242801666259766,-0.682981014251709,-0.3784818649291992,1.4187235832214355,5.114634990692139,1.4496150016784668,0.708226203918457,-1.1121478080749512,-0.7767577171325684,0.7159490585327148,-0.34648752212524414,0.21617364883422852,-0.5031499862670898,0.8560628890991211,1.005002498626709,0.5283951759338379,1.2157244682312012,1.5985546112060547,0.20734739303588867
3.411205768585205,-1.9329712390899658,0.708226203918457,2.8253769874572754,6.012686252593994,10.137763977050781,10.020818710327148,4.316979885101318,6.091017246246338,-2.0499165058135986,-0.09715127944946289,0.3949012756347656,-0.5263185501098633,0.5283951759338379,0.9189481735229492,0.5592865943908691,-0.9643115997314453,-1.557863712310791,-2.1668615341186523,-0.932316780090332,0.8406171798706055,-1.7145261764526367,-0.7370405197143555,0.5052270889282227,0.9498395919799805,0.5361180305480957,1.4893321990966797,1.0987792015075684,-0.041988372802734375,0.488677978515625
