DATA/wind10m_forecast.json
{"header": {"parameterCategory": 2, "parameterNumber": 3, "lo1": 5.498000144958496, "la1": 51.819000244140625, "dx": 0.559999942779541, "dy": 0.3600006103515625, "nx": 30, "ny": 25, "refTime": "2024-04-19T07:00:00.000000000"}, "data":
[rows 0 to 24 of 25, columns 0 to 29 of 30]
-1.4820067882537842,-1.0503251552581787,2.2919681072235107,2.302436113357544,3.9185006618499756,4.98823356628418,2.9689009189605713,3.898561716079712,3.7903921604156494,5.2240142822265625,4.645779609680176,5.891973495483398,5.077461242675781,4.110414505004883,3.773942232131958,1.916614294052124,0.9261391162872314,2.9225423336029053,2.3642470836639404,2.4539730548858643,2.7969257831573486,3.342758893966675,2.8806703090667725,2.4469945430755615,2.119992971420288,1.4789507389068604,2.156381845474243,1.3857355117797852,1.0622234344482422,0.8952333927154541
1.2576267719268799,1.3722765445709229,2.4719183444976807,3.2186381816864014,4.177210807800293,3.0606205463409424,2.401134729385376,3.7644712924957275,4.374109268188477,4.819250106811523,3.7809207439422607,5.460790634155273,4.747468948364258,4.135836601257324,3.023733377456665,2.3702290058135986,2.5820820331573486,1.476956844329834,2.385183095932007,1.5716676712036133,3.1189424991607666,0.609107255935669,0.7561581134796143,1.6848220825195312,1.9171125888824463,1.2576267719268799,1.1718885898590088,1.3553283214569092,0.10714006423950195,0.3374369144439697
1.6838250160217285,3.127915143966675,2.4888665676116943,1.7331745624542236,2.082108736038208,2.3901679515838623,3.268984079360962,5.120828628540039,3.8895890712738037,6.089869499206543,5.283332824707031,4.543591499328613,4.435920715332031,3.440460443496704,4.828222274780273,2.4225690364837646,3.184741735458374,5.275856018066406,2.1404306888580322,1.357820749282837,2.0990569591522217,0.7925469875335693,1.6723601818084717,0.8782851696014404,0.337935209274292,1.7939889430999756,1.5781478881835938,1.3548297882080078,0.21680521965026855,0.14303040504455566
3.2954037189483643,2.8721959590911865,4.732016563415527,1.96895432472229,2.1932694911956787,1.574160099029541,4.795323371887207,4.023180961608887,5.287320137023926,3.612933874130249,4.208614349365234,3.310856580734253,4.202632904052734,4.297344207763672,3.3073670864105225,2.6224586963653564,1.619023084640503,3.13240122795105,2.0970633029937744,4.577487945556641,2.720659017562866,3.8038508892059326,2.3727214336395264,1.2516448497772217,1.671363115310669,1.6803357601165771,1.376762866973877,0.8897502422332764,0.8274405002593994,0.2985556125640869
3.1159517765045166,1.6718616485595703,3.4364726543426514,2.4863741397857666,2.0257809162139893,3.1059820652008057,5.84511661529541,4.4957380294799805,3.052644968032837,4.3870697021484375,2.60451340675354,3.6104414463043213,2.6807806491851807,2.077622652053833,0.8822729587554932,3.7106354236602783,2.3981435298919678,2.5731093883514404,1.7281897068023682,3.7081429958343506,4.322267532348633,2.1449172496795654,1.3483495712280273,1.8498179912567139,2.269037961959839,1.424616813659668,0.3992481231689453,1.6773450374603271,1.5701723098754883,0.6270523071289062
2.0377442836761475,1.9061462879180908,3.1114652156829834,2.841290235519409,3.155829668045044,3.166297674179077,3.6199123859405518,2.3901679515838623,4.123873710632324,3.151841878890991,2.4524776935577393,3.90753436088562,3.162808656692505,3.1478540897369385,2.4908607006073,2.209718942642212,3.084547758102417,4.350681304931641,2.7729990482330322,0.8842668533325195,1.4659903049468994,0.6041224002838135,2.35776686668396,2.6473824977874756,2.230156660079956,1.2685933113098145,0.9789776802062988,0.8947348594665527,0.6051194667816162,-0.19643282890319824
1.9854042530059814,2.1160051822662354,3.0072834491729736,3.533177614212036,4.271921157836914,4.316784858703613,3.431487798690796,2.3079192638397217,4.621354103088379,2.5975348949432373,2.782968282699585,2.6209633350372314,1.4654920101165771,1.7376606464385986,3.1144564151763916,1.3976988792419434,2.189281702041626,1.4664888381958008,0.3753211498260498,1.244666337966919,2.0731360912323,2.04472279548645,2.026777982711792,2.4454991817474365,2.121488332748413,0.6031253337860107,1.0806670188903809,-0.23381876945495605,-0.47258949279785156,-0.745256781578064
1.915118932723999,2.6005256175994873,2.8472721576690674,2.2745211124420166,2.5541670322418213,3.2814462184906006,2.4614503383636475,2.0756285190582275,3.8691513538360596,2.623455762863159,2.6214616298675537,2.6414010524749756,2.082108736038208,2.5516746044158936,1.7446396350860596,1.0482659339904785,1.236192226409912,1.107086420059204,0.20185089111328125,1.4310970306396484,0.6300432682037354,1.3613100051879883,1.2745749950408936,-0.2846633195877075,1.6240077018737793,2.4963438510894775,0.2192976474761963,-0.7557247877120972,-1.2950778007507324,-1.0802338123321533
3.2709782123565674,3.5381624698638916,3.920494794845581,2.638908624649048,1.7994720935821533,4.003740310668945,1.7481286525726318,2.530738592147827,2.4604532718658447,3.9892847537994385,2.1469109058380127,2.227165937423706,2.6149814128875732,0.860339879989624,1.1245331764221191,2.413098096847534,1.473966121673584,1.3328967094421387,1.6115458011627197,1.054746150970459,1.574160099029541,1.089639663696289,-0.6246252059936523,-0.8544234037399292,0.9675126075744629,-3.8054113388061523,-1.1724522113800049,0.18689656257629395,-1.8498834371566772,-2.0697121620178223
2.8856546878814697,2.4659368991851807,2.9998061656951904,1.706256628036499,3.4419562816619873,2.1374399662017822,4.087484359741211,2.379201650619507,2.3064239025115967,2.4674322605133057,2.9649126529693604,2.391165018081665,2.9290225505828857,1.4315953254699707,1.1290194988250732,1.0044000148773193,1.0298223495483398,1.9564926624298096,0.6833803653717041,2.4848787784576416,1.2546358108520508,0.7591490745544434,-0.20341157913208008,-1.0338753461837769,0.17443466186523438,0.5044269561767578,0.8309297561645508,0.3513941764831543,-0.00850677490234375,-1.375831127166748
2.748075246810913,3.3941023349761963,3.151841878890991,1.7605907917022705,4.256468772888184,1.7790343761444092,2.0536954402923584,2.3657424449920654,3.1403768062591553,2.3223750591278076,2.337329626083374,1.8403470516204834,1.9520061016082764,0.8448870182037354,1.1180529594421387,-0.049880266189575195,-0.07629966735839844,0.3194916248321533,2.187786340713501,0.3798074722290039,-0.9546173810958862,-0.34747159481048584,-1.2018623352050781,-1.4471133947372437,0.26964378356933594,-0.5000057220458984,-0.8813412189483643,0.014423370361328125,-0.9037727117538452,-2.017371892929077
3.4379680156707764,2.448988199234009,2.0467169284820557,2.2366368770599365,3.155829668045044,1.0716946125030518,2.116503953933716,3.2814462184906006,2.6807806491851807,1.2581250667572021,0.9351115226745605,1.6957886219024658,1.4400694370269775,1.4206287860870361,-0.3195568323135376,0.5487914085388184,-0.14857888221740723,0.35986828804016113,0.306032657623291,-1.1031638383865356,-1.6599633693695068,-1.7731177806854248,-1.9759982824325562,-1.885773777961731,-0.9835290908813477,-2.1110856533050537,-2.4849441051483154,0.3120143413543701,0.5757091045379639,-1.8498834371566772
3.3263094425201416,2.489365339279175,2.4255597591400146,2.450484037399292,1.2850430011749268,2.9315149784088135,2.3582656383514404,1.5447497367858887,1.6005792617797852,0.8189663887023926,0.7561581134796143,-0.452151894569397,0.0388486385345459,-1.6250699758529663,-0.7013907432556152,-1.4057397842407227,-1.5333499908447266,-1.0054621696472168,-1.7840843200683594,1.9554955959320068,-1.8708194494247437,-2.0218582153320312,-2.5038862228393555,-1.1450358629226685,-2.7361767292022705,-2.6344873905181885,-1.5094231367111206,0.19138288497924805,-0.2956298589706421,-1.82545804977417
3.2983944416046143,2.581084966659546,2.0058419704437256,1.7835204601287842,2.654859781265259,1.0791716575622559,1.1843504905700684,0.33843374252319336,0.5198795795440674,1.6245062351226807,-3.266334533691406e-05,-0.005017280578613281,0.05878782272338867,-1.6893736124038696,-0.8843320608139038,0.06078171730041504,-0.3813680410385132,-0.29064512252807617,1.4325923919677734,1.1454691886901855,-2.366804838180542,-1.8528742790222168,-1.7142975330352783,-4.26301383972168,-3.96293044090271,-2.4749743938446045,-3.5402212142944336,-2.1848604679107666,-2.330415964126587,-2.527813196182251
1.7954843044281006,2.115506887435913,2.0626680850982666,1.2436692714691162,-0.33152031898498535,1.1843504905700684,-2.9221091270446777,-0.5174524784088135,-0.9750549793243408,-1.6076232194900513,0.7347235679626465,0.6444990634918213,1.051755428314209,-0.9396630525588989,1.3254196643829346,-0.331021785736084,-0.040907859802246094,-2.2197539806365967,0.5667364597320557,0.8025164604187012,-1.21831214427948,-1.8528742790222168,-2.0049099922180176,-3.7560622692108154,-3.145925521850586,-3.5272607803344727,-3.2261803150177,-3.3278698921203613,-1.0563068389892578,-1.221801519393921
0.7287418842315674,-0.7263146638870239,-0.34647464752197266,1.5113518238067627,-1.9485819339752197,-0.04040932655334473,-0.23581266403198242,-1.5667481422424316,-1.3309681415557861,0.033365488052368164,-0.4307173490524292,-0.030938148498535156,-1.8319382667541504,0.46006226539611816,-0.9281980991363525,-0.6480536460876465,-1.6245715618133545,0.3663485050201416,1.6210169792175293,0.41071295738220215,0.16994833946228027,-2.5936121940612793,-3.408623218536377,-2.5023908615112305,-3.583090305328369,-3.0960776805877686,-3.935514211654663,-4.307378768920898,-0.569792628288269,-1.1106410026550293
-0.2901465892791748,1.1609220504760742,-0.05087733268737793,-0.0767982006072998,0.036356210708618164,-0.36142897605895996,-1.1983730792999268,-0.19144797325134277,-1.5084261894226074,-1.1455343961715698,-0.43370819091796875,-0.20490694046020508,-0.2088947296142578,-0.44168388843536377,-1.513411045074463,1.0492630004882812,-0.7457553148269653,0.8668200969696045,0.6704199314117432,0.5124025344848633,-2.3339052200317383,-2.4949135780334473,-4.7166290283203125,-3.8492774963378906,-2.9505221843719482,-3.299955129623413,-4.0810699462890625,-3.424574375152588,1.2017972469329834,1.6898069381713867
0.4715273380279541,0.017414093017578125,0.3284642696380615,1.4181365966796875,-0.7223268747329712,-0.5418778657913208,-1.2876005172729492,-1.2098380327224731,0.3892784118652344,0.24970483779907227,-0.8952986001968384,-0.2467789649963379,-1.445617914199829,-1.696352243423462,-2.4505491256713867,-1.3793203830718994,1.2227332592010498,-0.18696165084838867,1.1429767608642578,-0.5174524784088135,-1.5797085762023926,-2.6733686923980713,-2.031827688217163,-2.5313024520874023,-3.076138496398926,-3.889155864715576,-3.1728432178497314,-2.3822576999664307,-0.2682136297225952,2.1304609775543213
0.2781178951263428,0.6644382476806641,0.2836012840270996,-3.9988207817077637,-0.7128556966781616,0.18839192390441895,-0.19493746757507324,1.4211273193359375,-0.5224372148513794,0.285595178604126,0.47252416610717773,-0.5832514762878418,-2.767580986022949,-4.09253454208374,-4.425019264221191,-0.23980045318603516,-0.5438717603683472,-0.17948460578918457,0.010435342788696289,-0.469598650932312,-1.0503251552581787,-1.6828933954238892,-3.2660586833953857,-4.519231796264648,-3.366751194000244,-4.068109512329102,-1.6031370162963867,-2.487436294555664,-1.0393586158752441,2.600027322769165
-1.4446210861206055,-1.5497997999191284,-3.762542247772217,-0.09723567962646484,0.41968560218811035,0.7182738780975342,3.0720856189727783,1.744140863418579,-0.4606260061264038,-0.7686852216720581,-0.4765772819519043,-1.1609872579574585,-2.1514625549316406,-4.48433780670166,-2.435096263885498,-2.154951810836792,-1.7227716445922852,-0.24628067016601562,-1.3743356466293335,-0.021467208862304688,-1.9027221202850342,-1.5667481422424316,-1.4012534618377686,-2.337893009185791,-1.8384184837341309,-2.7451493740081787,-2.0776877403259277,-2.565697431564331,-1.6813979148864746,1.2601189613342285
-0.893304705619812,-4.144874572753906,-0.4661092758178711,-1.4216910600662231,3.949904680252075,0.959038496017456,-0.054865121841430664,0.7053134441375732,1.4854309558868408,0.7262494564056396,-1.124099850654602,-2.1210553646087646,-3.6593575477600098,-4.374672889709473,-6.019150733947754,-8.710432052612305,-4.0202555656433105,-6.018154144287109,-2.1370065212249756,-2.6404690742492676,-0.9212194681167603,-1.00645911693573,-1.4057397842407227,-1.659464955329895,-1.5916719436645508,-1.8085098266601562,-2.2860515117645264,-0.6400779485702515,-0.5792636871337891,0.6888635158538818
-0.3853558301925659,-2.1295294761657715,-1.736230492591858,2.6324284076690674,1.7107429504394531,-3.2859978675842285,-4.373177528381348,-0.5174524784088135,-0.7487461566925049,-0.5373915433883667,-1.6285593509674072,-1.6943583488464355,-2.04030179977417,-5.121392726898193,-8.49409294128418,-6.67564582824707,-4.651328086853027,-7.689549446105957,-12.082136154174805,-4.587522983551025,-1.309035062789917,-2.046283721923828,-1.6016415357589722,-1.6679390668869019,-1.7546741962432861,-1.4989551305770874,-1.4725358486175537,-0.33401262760162354,1.755605936050415,-0.0528712272644043
-0.2846633195877075,-2.532299518585205,0.6449975967407227,-0.9865200519561768,-0.09075546264648438,-1.6928629875183105,-6.5261030197143555,-6.352133750915527,-5.230559349060059,-0.3345111608505249,-1.8832814693450928,-3.5382275581359863,-1.396268606185913,-3.6389198303222656,-5.964817047119141,-5.117404937744141,-5.94886589050293,-4.424022674560547,-5.6323323249816895,-4.151354789733887,-4.600483417510986,-3.389681100845337,-4.199707508087158,-0.7447583675384521,-1.9116946458816528,-2.7142438888549805,-0.8833351135253906,0.044332027435302734,0.08121919631958008,-0.5862424373626709
-0.2572472095489502,-1.4640617370605469,-0.542874813079834,-2.774559497833252,-0.6261205673217773,-5.766422748565674,-8.822589874267578,-5.435932159423828,-3.6199779510498047,-0.46910011768341064,-2.266610860824585,1.622013807296753,-2.95750093460083,-3.240137815475464,-3.0063517093658447,-4.1987104415893555,-5.103447437286377,-7.825136184692383,-8.915804862976074,-0.4212462902069092,-1.6769115924835205,-5.760440826416016,-7.23842716217041,-3.4325501918792725,-1.426675796508789,-1.3459224700927734,-1.471538782119751,-1.4057397842407227,-0.09025716781616211,0.6071133613586426
-1.7885706424713135,-1.9909526109695435,-0.834484338760376,-3.502835512161255,-3.1150197982788086,-8.798663139343262,-7.3530778884887695,-5.702617645263672,-6.882513999938965,-3.757059097290039,-2.5188405513763428,-3.531747341156006,-2.996880531311035,-4.1812639236450195,-2.0727028846740723,-1.5448150634765625,-5.185696601867676,-7.1412248611450195,-5.680684566497803,-4.473870277404785,-7.027571678161621,-2.8144378662109375,-3.8622379302978516,-3.556671142578125,-3.154898166656494,-1.6275622844696045,-2.3339052200317383,-1.6330456733703613,-0.4077873229980469,0.36285924911499023
