DATA/wind1000hPa_forecast_ECMWF.json
{"header": {"parameterCategory": 2, "parameterNumber": 3, "lo1": -10.0, "la1": 60.0, "dx": 0.125, "dy": 0.125, "nx": 361, "ny": 161, "refTime": "2022-02-17T01:00:00.000000000"}, "data":
[rows 19 to 37 of 161, columns 129 to 171 of 361]
-6.2321929931640625,-6.7400054931640625,-7.0612945556640625,-7.1540679931640625,-7.1735992431640625,-7.2810211181640625,-7.3972320556640625,-7.5290679931640625,-7.7868804931640625,-8.096450805664062,-8.487075805664062,-8.792739868164062,-9.105239868164062,-9.382583618164062,-9.611099243164062,-9.863052368164062,-10.087661743164062,-10.394302368164062,-10.660903930664062,-10.911880493164062,-11.124771118164062,-11.353286743164062,-11.596450805664062,-11.721450805664062,-11.819107055664062,-11.876724243164062,-11.948989868164062,-11.969497680664062,-11.784927368164062,-11.589614868164062,-11.400161743164062,-10.815200805664062,-10.256607055664062,-9.576919555664062,-9.619888305664062,-9.779067993164062,-10.160903930664062,-10.095474243164062,-9.922622680664062,-9.783950805664062,-9.554458618164062,-9.263442993164062,-8.628677368164062
-5.6667633056640625,-5.9636383056640625,-6.2741851806640625,-6.5232086181640625,-6.7917633056640625,-7.0720367431640625,-7.4284820556640625,-7.8073883056640625,-8.235122680664062,-8.605239868164062,-8.904067993164062,-9.092544555664062,-9.318130493164062,-9.547622680664062,-9.776138305664062,-10.056411743164062,-10.365982055664062,-10.864028930664062,-11.214614868164062,-11.498794555664062,-11.576919555664062,-11.697036743164062,-11.841567993164062,-11.697036743164062,-11.599380493164062,-11.490982055664062,-11.529067993164062,-11.346450805664062,-10.932388305664062,-10.068130493164062,-9.354263305664062,-8.469497680664062,-7.8181304931640625,-7.3825836181640625,-7.8952789306640625,-8.774185180664062,-9.580825805664062,-9.635513305664062,-9.354263305664062,-9.016372680664062,-8.782974243164062,-8.507583618164062,-8.059341430664062
-5.9030914306640625,-6.0827789306640625,-6.2790679931640625,-6.5027008056640625,-6.7995758056640625,-7.1052398681640625,-7.4148101806640625,-7.7497711181640625,-8.151138305664062,-8.533950805664062,-8.865982055664062,-9.088638305664062,-9.369888305664062,-9.636489868164062,-9.916763305664062,-10.178482055664062,-10.456802368164062,-10.846450805664062,-11.008560180664062,-11.164810180664062,-11.211685180664062,-11.413833618164062,-11.531021118164062,-11.486099243164062,-11.451919555664062,-11.380630493164062,-11.325942993164062,-10.602310180664062,-9.693130493164062,-8.364028930664062,-7.4724273681640625,-6.6814117431640625,-6.5319976806640625,-6.7868804931640625,-7.5720367431640625,-8.763442993164062,-9.558364868164062,-9.655044555664062,-9.220474243164062,-8.778091430664062,-8.612075805664062,-8.197036743164062,-7.6306304931640625
-5.6198883056640625,-5.8513336181640625,-6.0710601806640625,-6.2839508056640625,-6.6462554931640625,-7.0134429931640625,-7.3562164306640625,-7.6755523681640625,-8.022232055664062,-8.438247680664062,-8.826919555664062,-9.182388305664062,-9.469497680664062,-9.699966430664062,-9.904067993164062,-10.085708618164062,-10.290786743164062,-10.520278930664062,-10.750747680664062,-11.069107055664062,-11.416763305664062,-11.734146118164062,-11.816177368164062,-11.756607055664062,-11.667739868164062,-11.521255493164062,-11.259536743164062,-10.144302368164062,-8.950942993164062,-7.6530914306640625,-7.2038726806640625,-6.9450836181640625,-6.9909820556640625,-7.1433258056640625,-7.4353179931640625,-8.088638305664062,-8.455825805664062,-8.697036743164062,-8.610122680664062,-8.278091430664062,-7.7478179931640625,-6.6277008056640625,-5.3894195556640625
-5.0525054931640625,-5.5193023681640625,-5.8689117431640625,-6.1794586181640625,-6.4890289306640625,-6.8200836181640625,-7.1540679931640625,-7.4538726806640625,-7.7829742431640625,-8.138442993164062,-8.499771118164062,-8.854263305664062,-9.187271118164062,-9.490982055664062,-9.742935180664062,-9.958755493164062,-10.087661743164062,-10.209732055664062,-10.299575805664062,-10.472427368164062,-10.618911743164062,-10.636489868164062,-10.456802368164062,-10.265396118164062,-10.225357055664062,-10.220474243164062,-10.059341430664062,-9.406021118164062,-8.553482055664062,-7.7409820556640625,-7.3112945556640625,-6.8884429931640625,-6.4333648681640625,-5.6599273681640625,-5.1042633056640625,-4.7136383056640625,-4.9118804931640625,-5.1345367431640625,-5.3112945556640625,-4.4265289306640625,-3.4157867431640625,-2.1882476806640625,-2.3708648681640625
-4.8298492431640625,-5.2400054931640625,-5.5681304931640625,-5.8855133056640625,-6.1775054931640625,-6.4958648681640625,-6.7985992431640625,-7.0964508056640625,-7.3972320556640625,-7.6980133056640625,-7.9841461181640625,-8.303482055664062,-8.662857055664062,-9.051528930664062,-9.371841430664062,-9.606216430664062,-9.591567993164062,-9.337661743164062,-9.026138305664062,-8.739028930664062,-8.903091430664062,-9.150161743164062,-9.679458618164062,-9.609146118164062,-9.480239868164062,-8.439224243164062,-7.5691070556640625,-6.4275054931640625,-5.0632476806640625,-4.0212554931640625,-3.1296539306640625,-2.6862945556640625,-2.3493804931640625,-2.0427398681640625,-1.9870758056640625,-1.9626617431640625,-2.3903961181640625,-2.8845367431640625,-3.0642242431640625,-2.6521148681640625,-2.8122711181640625,-3.1208648681640625,-4.6032867431640625
-5.2048492431640625,-5.3132476806640625,-5.3679351806640625,-5.6198883056640625,-5.9841461181640625,-6.3806304931640625,-6.7185211181640625,-7.0134429931640625,-7.3669586181640625,-7.7360992431640625,-8.065200805664062,-8.382583618164062,-8.649185180664062,-8.921646118164062,-9.088638305664062,-9.201919555664062,-9.191177368164062,-8.838638305664062,-8.366958618164062,-7.9382476806640625,-7.9987945556640625,-8.471450805664062,-9.121841430664062,-8.689224243164062,-7.7126617431640625,-5.7702789306640625,-3.8835601806640625,-2.2175445556640625,-1.0339508056640625,-0.3542633056640625,0.2775726318359375,0.3449554443359375,0.0207366943359375,-0.3259429931640625,-0.6169586181640625,-0.8034820556640625,-1.1560211181640625,-1.4265289306640625,-1.8142242431640625,-2.2146148681640625,-3.5339508056640625,-4.9743804931640625,-6.5280914306640625
-6.2741851806640625,-6.1345367431640625,-5.9548492431640625,-5.9362945556640625,-6.0476226806640625,-6.2517242431640625,-6.4148101806640625,-6.6316070556640625,-7.0534820556640625,-7.5886383056640625,-8.146255493164062,-8.623794555664062,-9.051528930664062,-9.410903930664062,-9.639419555664062,-9.701919555664062,-9.619888305664062,-9.116958618164062,-8.220474243164062,-7.1491851806640625,-6.0974273681640625,-5.1589508056640625,-4.6277008056640625,-3.7214508056640625,-2.6706695556640625,-1.1589508056640625,-0.0359039306640625,0.6740570068359375,1.0588226318359375,1.0344085693359375,0.8713226318359375,0.5861663818359375,0.1467132568359375,-0.0905914306640625,-0.2028961181640625,-0.1579742431640625,-0.2409820556640625,-0.3005523681640625,-0.8894195556640625,-1.9372711181640625,-3.5573883056640625,-4.9333648681640625,-6.1804351806640625
-6.9499664306640625,-7.0095367431640625,-6.9987945556640625,-7.0036773681640625,-7.0124664306640625,-7.0271148681640625,-7.0739898681640625,-7.2351226806640625,-7.5798492431640625,-8.054458618164062,-8.502700805664062,-8.880630493164062,-9.202896118164062,-9.477310180664062,-9.689224243164062,-9.547622680664062,-9.143325805664062,-8.378677368164062,-7.2058258056640625,-5.8640289306640625,-4.3181304931640625,-2.7849273681640625,-1.4304351806640625,-0.4069976806640625,0.2101898193359375,0.7023773193359375,1.0910491943359375,1.2814788818359375,1.3644866943359375,1.3078460693359375,1.1369476318359375,0.9504241943359375,0.7717132568359375,0.8674163818359375,0.9631195068359375,0.9484710693359375,0.4982757568359375,-0.1657867431640625,-1.0915679931640625,-2.5202789306640625,-3.9675445556640625,-5.2058258056640625,-6.4167633056640625
-7.4196929931640625,-7.5251617431640625,-7.6267242431640625,-7.6911773681640625,-7.7985992431640625,-7.9021148681640625,-8.013442993164062,-8.087661743164062,-8.200942993164062,-8.286880493164062,-8.427505493164062,-8.535903930664062,-8.537857055664062,-8.500747680664062,-8.366958618164062,-7.7585601806640625,-6.7751617431640625,-5.5525054931640625,-4.3171539306640625,-3.5046539306640625,-2.7966461181640625,-2.3025054931640625,-1.5515289306640625,-0.8698883056640625,-0.3669586181640625,0.1252288818359375,0.5373382568359375,0.6769866943359375,0.6535491943359375,0.5832366943359375,0.7355804443359375,0.9318695068359375,1.1633148193359375,1.4318695068359375,1.5480804443359375,1.5070648193359375,1.0480804443359375,0.4357757568359375,-0.3610992431640625,-1.5378570556640625,-3.0915679931640625,-4.6423492431640625,-6.1413726806640625
-7.0339508056640625,-7.0876617431640625,-7.0017242431640625,-6.8015289306640625,-6.6384429931640625,-6.6735992431640625,-6.8366851806640625,-7.0632476806640625,-7.1599273681640625,-7.1530914306640625,-6.9704742431640625,-6.8132476806640625,-6.5730133056640625,-6.2722320556640625,-5.9812164306640625,-5.4900054931640625,-4.5984039306640625,-3.3835601806640625,-2.1784820556640625,-1.5339508056640625,-1.1237945556640625,-0.8825836181640625,-0.5984039306640625,-0.3112945556640625,-0.0271148681640625,0.4055023193359375,0.8771820068359375,1.2082366943359375,1.3107757568359375,1.3332366943359375,1.5314788818359375,1.5256195068359375,1.4377288818359375,1.1818695068359375,0.7472991943359375,0.4797210693359375,0.1017913818359375,-0.1618804931640625,-0.5622711181640625,-1.2019195556640625,-2.4392242431640625,-3.8845367431640625,-5.3220367431640625
-5.1980133056640625,-5.5212554931640625,-5.8044586181640625,-5.7995758056640625,-5.6980133056640625,-5.5427398681640625,-5.5339508056640625,-5.7175445556640625,-5.9021148681640625,-5.9616851806640625,-5.7927398681640625,-5.5564117431640625,-5.1511383056640625,-4.7653961181640625,-4.3152008056640625,-3.8532867431640625,-3.0993804931640625,-2.2116851806640625,-1.2917633056640625,-0.6394195556640625,-0.1003570556640625,0.3273773193359375,0.7658538818359375,1.1203460693359375,1.3732757568359375,1.8410491943359375,2.3801116943359375,2.8625335693359375,2.9611663818359375,2.7629241943359375,2.5685882568359375,2.0969085693359375,1.3576507568359375,0.5529632568359375,-0.0407867431640625,-0.2810211181640625,-0.4470367431640625,-0.5466461181640625,-0.6667633056640625,-0.9519195556640625,-1.7009429931640625,-2.6735992431640625,-3.5974273681640625
-3.2536773681640625,-3.4001617431640625,-3.6452789306640625,-4.0144195556640625,-4.2712554931640625,-4.4275054931640625,-4.5027008056640625,-4.6071929931640625,-4.7409820556640625,-4.8513336181640625,-4.8933258056640625,-4.8913726806640625,-4.8786773681640625,-4.7859039306640625,-4.5642242431640625,-4.2116851806640625,-3.5310211181640625,-2.5827789306640625,-1.5290679931640625,-0.5241851806640625,0.2072601318359375,0.8283538818359375,1.3674163818359375,1.8937835693359375,2.4543304443359375,3.0803070068359375,3.5685882568359375,3.6984710693359375,3.4094085693359375,2.6642913818359375,2.0344085693359375,1.4836273193359375,1.0500335693359375,0.6711273193359375,0.3303070068359375,0.2316741943359375,0.1428070068359375,0.0861663818359375,0.0099945068359375,-0.2663726806640625,-0.7400054931640625,-1.6032867431640625,-2.2126617431640625
-2.6980133056640625,-2.5300445556640625,-2.2849273681640625,-2.2028961181640625,-2.3269195556640625,-2.6950836181640625,-3.0525054931640625,-3.4011383056640625,-3.5876617431640625,-3.6159820556640625,-3.4812164306640625,-3.1648101806640625,-2.9304351806640625,-2.7448883056640625,-2.7448883056640625,-2.8161773681640625,-2.8855133056640625,-2.7566070556640625,-2.2536773681640625,-1.5778961181640625,-0.8962554931640625,-0.2712554931640625,0.2883148193359375,0.8029632568359375,1.2707366943359375,1.7189788818359375,2.0871429443359375,2.1916351318359375,2.0197601318359375,1.5324554443359375,1.1076507568359375,0.8703460693359375,0.9240570068359375,0.9631195068359375,0.9142913818359375,0.7482757568359375,0.4992523193359375,0.3205413818359375,0.2238616943359375,0.0207366943359375,-0.3825836181640625,-0.9948883056640625,-1.2663726806640625
-1.3591461181640625,-1.5974273681640625,-1.6491851806640625,-1.4509429931640625,-1.3093414306640625,-1.1618804931640625,-1.2868804931640625,-1.5407867431640625,-1.9773101806640625,-2.3034820556640625,-2.4265289306640625,-2.3972320556640625,-2.2751617431640625,-2.0603179931640625,-1.8415679931640625,-1.5329742431640625,-1.4538726806640625,-1.4323883056640625,-1.5730133056640625,-1.6228179931640625,-1.6101226806640625,-1.4870758056640625,-1.1374664306640625,-0.7624664306640625,-0.6120758056640625,-0.4245758056640625,-0.2194976806640625,0.2492523193359375,0.5383148193359375,0.6066741943359375,0.4230804443359375,0.3058929443359375,0.3547210693359375,0.6457366943359375,0.8752288818359375,0.9523773193359375,0.8205413818359375,0.5383148193359375,0.3088226318359375,0.0949554443359375,-0.2068023681640625,-0.5788726806640625,-0.8454742431640625
-0.3581695556640625,-0.6540679931640625,-0.9499664306640625,-1.1277008056640625,-1.0837554931640625,-0.8366851806640625,-0.6941070556640625,-0.7204742431640625,-1.0417633056640625,-1.1892242431640625,-1.3327789306640625,-1.4021148681640625,-1.5017242431640625,-1.7155914306640625,-1.7566070556640625,-1.6667633056640625,-1.4460601806640625,-1.1189117431640625,-1.0505523681640625,-1.0681304931640625,-1.3142242431640625,-1.5427398681640625,-1.6804351806640625,-1.5847320556640625,-1.5105133056640625,-1.4773101806640625,-1.4050445556640625,-1.1589508056640625,-0.9929351806640625,-0.7859039306640625,-0.7536773681640625,-0.4499664306640625,-0.1980133056640625,0.1457366943359375,0.2951507568359375,0.4230804443359375,0.3957366943359375,0.1555023193359375,-0.1345367431640625,-0.4167633056640625,-0.5905914306640625,-0.7839508056640625,-1.0193023681640625
-0.8601226806640625,-1.1423492431640625,-1.4021148681640625,-1.5476226806640625,-1.4704742431640625,-1.2360992431640625,-0.9284820556640625,-0.7429351806640625,-0.7087554931640625,-0.5359039306640625,-0.2819976806640625,0.1418304443359375,0.4299163818359375,0.5461273193359375,0.4221038818359375,-0.0202789306640625,-0.5710601806640625,-1.0857086181640625,-1.2810211181640625,-1.1989898681640625,-1.0876617431640625,-1.1413726806640625,-1.3357086181640625,-1.5388336181640625,-1.6569976806640625,-1.7790679931640625,-1.8581695556640625,-1.8806304931640625,-1.8845367431640625,-1.8249664306640625,-1.6716461181640625,-1.2194976806640625,-0.8552398681640625,-0.6101226806640625,-0.6569976806640625,-0.6657867431640625,-0.6286773681640625,-0.6071929931640625,-0.6843414306640625,-0.7048492431640625,-0.6687164306640625,-0.5075836181640625,-0.3122711181640625
-0.4060211181640625,-0.7976226806640625,-1.2448883056640625,-1.5232086181640625,-1.3991851806640625,-0.9929351806640625,-0.3718414306640625,0.0656585693359375,0.3137054443359375,0.2336273193359375,-0.1452789306640625,-0.5652008056640625,-0.9216461181640625,-0.8405914306640625,-0.5495758056640625,-0.0749664306640625,0.2014007568359375,0.2853851318359375,0.2004241943359375,0.1017913818359375,0.0060882568359375,-0.0935211181640625,-0.2527008056640625,-0.4177398681640625,-0.6110992431640625,-0.8708648681640625,-1.1062164306640625,-1.2634429931640625,-1.2907867431640625,-1.2644195556640625,-1.1872711181640625,-1.0525054931640625,-0.8542633056640625,-0.7507476806640625,-0.7341461181640625,-0.7497711181640625,-0.7663726806640625,-0.8064117431640625,-0.9509429931640625,-0.9148101806640625,-0.7185211181640625,-0.2771148681640625,0.2170257568359375
0.0754241943359375,0.2404632568359375,0.1447601318359375,-0.1443023681640625,-0.3025054931640625,-0.2839508056640625,-0.1355133056640625,0.1017913818359375,0.4269866943359375,0.6515960693359375,0.6555023193359375,0.1896820068359375,-0.4343414306640625,-1.0837554931640625,-1.1472320556640625,-0.7448883056640625,0.0832366943359375,0.7150726318359375,0.9777679443359375,0.7824554443359375,0.4426116943359375,0.2004241943359375,0.0793304443359375,0.1672210693359375,0.1349945068359375,-0.0036773681640625,-0.3806304931640625,-0.7321929931640625,-1.0017242431640625,-1.1853179931640625,-1.2966461181640625,-1.3093414306640625,-1.1560211181640625,-0.7878570556640625,-0.4558258056640625,-0.1628570556640625,-0.0144195556640625,0.0275726318359375,0.0090179443359375,0.1799163818359375,0.4357757568359375,0.8127288818359375,1.1486663818359375
