DATA/wind10m.json
{"header": {"parameterCategory": 2, "parameterNumber": 3, "lo1": 5.498000144958496, "la1": 51.819000244140625, "dx": 0.2799997329711914, "dy": 0.18000030517578125, "nx": 60, "ny": 50, "refTime": "2024-03-28T06:00:00.000000000"}, "data":
[rows 19 to 37 of 50, columns 0 to 43 of 60]
4.330811023712158,4.723754405975342,5.077403545379639,5.0508222579956055,5.709002494812012,3.6841883659362793,3.7437076568603516,4.65730094909668,1.4415216445922852,3.3195598125457764,0.7758293151855469,1.506819725036621,0.6452336311340332,2.222785711288452,0.5845584869384766,0.4233360290527344,0.8463282585144043,0.6504344940185547,0.5614442825317383,1.7379627227783203,2.3476028442382812,1.5021967887878418,1.2080669403076172,0.8937125205993652,0.9803910255432129,1.6131455898284912,1.2236695289611816,0.9278059005737305,0.5053920745849609,-0.02797079086303711,-0.3579277992248535,0.40657806396484375,1.38604736328125,1.093651294708252,1.9425244331359863,1.3883585929870605,1.3490643501281738,3.3530757427215576,3.288355588912964,0.9393630027770996,1.1473922729492188,1.4386324882507324,0.2476673126220703,5.1282548904418945
3.5067858695983887,4.974545001983643,5.714202880859375,6.632997035980225,5.30912446975708,3.1086418628692627,2.2643914222717285,2.4469945430755615,1.9107422828674316,4.074242115020752,2.4550845623016357,2.372450828552246,2.587414026260376,0.2696261405944824,-0.122161865234375,0.3245224952697754,0.9318509101867676,1.2456278800964355,0.9936819076538086,1.1138763427734375,2.2823050022125244,1.7778351306915283,1.2323369979858398,2.131484031677246,2.8665192127227783,-0.2510242462158203,0.007856369018554688,-0.19034910202026367,-0.07419967651367188,-0.0863347053527832,-0.8566188812255859,-0.9577441215515137,0.19219303131103516,-0.05801963806152344,-0.34232568740844727,2.401921510696411,4.804654598236084,3.464024305343628,1.4108953475952148,1.3109259605407715,-0.10251474380493164,0.29851865768432617,2.979201555252075,6.036647796630859
3.774911880493164,3.5680389404296875,4.093311309814453,6.483909606933594,3.267552614212036,4.4082441329956055,0.09395694732666016,1.8662471771240234,0.7186217308044434,2.8931007385253906,2.6267082691192627,3.150825262069702,-1.243783950805664,-1.0345993041992188,-0.1400752067565918,-0.28858470916748047,1.2300257682800293,1.327683925628662,1.729872703552246,1.5097088813781738,1.4981517791748047,1.0740041732788086,1.3086142539978027,0.1586771011352539,-0.2250204086303711,2.2505228519439697,-0.46425342559814453,0.7619609832763672,0.06737565994262695,-1.7783026695251465,-0.5665345191955566,-0.23946666717529297,1.1791744232177734,0.7821860313415527,0.8948683738708496,0.6406106948852539,0.9324288368225098,0.44587278366088867,0.4256477355957031,1.8304200172424316,0.6937737464904785,1.8003714084625244,4.319831848144531,5.822262287139893
3.6229352951049805,3.361165761947632,3.2479054927825928,2.9618659019470215,3.511408805847168,2.59550404548645,1.8396658897399902,0.37132883071899414,3.548391580581665,3.7067246437072754,-0.32441186904907227,1.4033832550048828,-1.5436921119689941,-1.8632473945617676,0.47360992431640625,0.3563046455383301,0.2650032043457031,2.6740925312042236,1.5622940063476562,1.112142562866211,-0.2556467056274414,1.397026538848877,0.8330373764038086,0.43836021423339844,1.2935900688171387,2.685649871826172,-1.3194832801818848,-0.7710962295532227,-0.33828067779541016,1.9379017353057861,1.5449583530426025,0.5625996589660645,0.509437084197998,0.37190675735473633,1.057246208190918,1.247939109802246,0.7717843055725098,0.1945042610168457,-0.6144967079162598,0.07546567916870117,1.6148791313171387,3.9916086196899414,4.189813613891602,2.6434662342071533
3.365788459777832,3.789936065673828,3.2981791496276855,3.6160011291503906,3.1074860095977783,0.8105010986328125,-1.4489235877990723,1.9962654113769531,-1.76963472366333,-1.0929632186889648,-2.2781496047973633,0.04830646514892578,-1.7118487358093262,-0.40068912506103516,-1.60899019241333,0.10898160934448242,0.29736328125,0.8486394882202148,2.003199577331543,-0.5578665733337402,1.9217216968536377,5.344951629638672,3.0317866802215576,4.406510353088379,-0.3353915214538574,0.5400633811950684,0.8636636734008789,0.028081417083740234,2.0592517852783203,0.6377215385437012,2.039604663848877,1.7061805725097656,1.313237190246582,-1.0421113967895508,-0.3457927703857422,2.163844108581543,0.17948007583618164,-1.6430835723876953,0.23148727416992188,0.6937737464904785,-0.04126167297363281,2.1800241470336914,5.239203929901123,6.356203079223633
4.602404594421387,3.7581539154052734,3.519498825073242,3.552436590194702,3.807849884033203,1.0965404510498047,0.9191384315490723,-0.5416865348815918,-0.6064066886901855,1.158949375152588,-1.4500789642333984,-1.1617279052734375,0.3955988883972168,-0.39606618881225586,1.217890739440918,2.2788379192352295,4.301340579986572,-0.37930870056152344,2.0442276000976562,1.1762847900390625,-0.8826227188110352,3.7546868324279785,2.38285231590271,1.6333706378936768,1.4611687660217285,-0.6566801071166992,2.2724814414978027,0.8445944786071777,2.4683752059936523,5.622901439666748,1.3340401649475098,1.6385712623596191,-1.0253534317016602,2.0055110454559326,0.8266811370849609,1.9159431457519531,2.0968124866485596,-0.04992961883544922,1.6686198711395264,1.2722091674804688,2.3660943508148193,3.9592485427856445,6.528404712677002,7.93086576461792
3.730994701385498,3.985830068588257,3.7691333293914795,3.2294139862060547,3.881237745285034,1.3161263465881348,2.693161964416504,3.4594016075134277,0.6111397743225098,0.45916318893432617,-0.25738048553466797,-0.9814362525939941,2.828380584716797,3.507941722869873,5.098784446716309,5.062379360198975,3.468069314956665,6.116392135620117,2.017646074295044,1.3380851745605469,-1.3368191719055176,3.468069314956665,1.2883892059326172,4.969922065734863,5.274453163146973,2.236654281616211,0.2569131851196289,-0.918449878692627,1.94830322265625,4.145318984985352,4.202526569366455,5.617700576782227,0.43258190155029297,1.4178295135498047,0.24188852310180664,0.9231829643249512,2.0927674770355225,0.8914008140563965,1.4253416061401367,0.8619303703308105,5.388291358947754,6.437681198120117,7.33798360824585,8.750845909118652
4.569466590881348,3.676676034927368,3.960982084274292,3.5200765132904053,-0.17763614654541016,4.679837226867676,3.8540782928466797,0.509437084197998,1.8882057666778564,-0.4041562080383301,-1.8603582382202148,5.904896259307861,4.008944511413574,-1.6095681190490723,8.75546932220459,8.263134002685547,0.9214496612548828,0.7267117500305176,-1.4136738777160645,4.214083671569824,4.549819469451904,5.678375720977783,4.217551231384277,5.94476842880249,7.238592147827148,6.518003463745117,7.169249057769775,1.1716623306274414,5.3281941413879395,2.6833384037017822,1.093651294708252,0.7423138618469238,4.843948841094971,2.287505626678467,0.7804522514343262,1.959282398223877,2.215851306915283,2.353381395339966,2.4938008785247803,2.8630521297454834,7.367454528808594,4.696017265319824,7.274997234344482,5.702645778656006
4.071352958679199,3.858123302459717,3.515453815460205,-1.736696720123291,1.3559989929199219,2.4585516452789307,1.0566682815551758,-0.7202444076538086,-1.67486572265625,-0.443450927734375,0.29042863845825195,5.151947021484375,7.409060478210449,6.098478317260742,8.002520561218262,-0.11464977264404297,8.645097732543945,3.317826271057129,0.40657806396484375,4.102557182312012,4.691972255706787,2.086988925933838,3.427619218826294,1.6027441024780273,0.3245224952697754,2.795442819595337,2.2031383514404297,0.9780797958374023,3.041032314300537,4.470074653625488,3.504474401473999,2.747480630874634,2.445838689804077,1.9431023597717285,3.851189136505127,1.1537485122680664,4.3718390464782715,4.372416973114014,5.464568614959717,6.5486297607421875,6.830624580383301,7.051943778991699,7.551213264465332,5.198753833770752
4.230263710021973,3.5680389404296875,5.053133487701416,2.858429193496704,0.1546320915222168,1.9540817737579346,0.3424358367919922,-0.24813461303710938,1.6143012046813965,2.011289596557617,8.836946487426758,11.169759750366211,4.745135307312012,-0.8115463256835938,0.7284450531005859,5.236314296722412,4.320409774780273,0.6400327682495117,1.7529871463775635,1.342130184173584,0.14943170547485352,2.642888307571411,-1.2553410530090332,0.9376296997070312,0.4759211540222168,-0.00023365020751953125,1.6171905994415283,0.6822166442871094,2.062141180038452,0.5579771995544434,2.5602545738220215,2.675248384475708,1.6004326343536377,2.503624439239502,3.7292611598968506,2.2788379192352295,2.2343428134918213,3.4507336616516113,4.722599029541016,5.234003067016602,4.919070720672607,6.1100358963012695,4.630719184875488,8.196680068969727
4.125093936920166,3.647205352783203,2.792553424835205,2.0055110454559326,2.6035940647125244,3.519498825073242,-3.393993377685547,8.968120574951172,8.707507133483887,1.068225383758545,6.921926021575928,7.823962211608887,8.165475845336914,5.954013824462891,1.907853126525879,6.157998085021973,0.7163100242614746,4.266668796539307,-0.5532436370849609,0.8145461082458496,-0.9172940254211426,0.531395435333252,1.506819725036621,2.0927674770355225,1.2300257682800293,0.6128735542297363,1.0347099304199219,4.3868632316589355,-0.28974056243896484,-0.5104823112487793,0.8648195266723633,0.8353486061096191,1.2265586853027344,0.6573686599731445,0.25980234146118164,3.5316338539123535,2.5013132095336914,5.402159690856934,4.590847015380859,4.210039138793945,4.472964286804199,6.890721797943115,5.62347936630249,6.5486297607421875
3.526432991027832,2.865363597869873,2.0442276000976562,4.252800464630127,-2.01060152053833,-2.8785438537597656,6.890721797943115,7.213166236877441,3.829230546951294,-1.1062536239624023,7.281931400299072,2.821446418762207,0.07719945907592773,2.3487586975097656,5.427007675170898,3.6558732986450195,1.331151008605957,5.266363143920898,-0.35214900970458984,-0.790743350982666,-0.5648007392883301,0.8757987022399902,0.911048412322998,0.11360406875610352,0.16156673431396484,2.1702005863189697,0.10782575607299805,2.0130231380462646,3.5027408599853516,5.045043468475342,5.157725811004639,5.024818420410156,6.798842430114746,3.5928866863250732,2.836470603942871,2.6226632595062256,4.575244903564453,4.764204502105713,4.65036678314209,5.5362229347229,3.7841577529907227,5.967304706573486,5.433363914489746,4.471230506896973
3.803804874420166,2.7613492012023926,1.8783822059631348,4.821990489959717,3.581329345703125,5.544312953948975,4.625518798828125,1.192464828491211,3.1814517974853516,5.673174858093262,1.283188819885254,0.768895149230957,1.2531399726867676,-0.5890707969665527,-0.07188796997070312,1.5755846500396729,1.9650609493255615,0.8717536926269531,0.8255252838134766,-1.079094409942627,-0.5792474746704102,-0.028548717498779297,-0.3446369171142578,1.137568473815918,0.8954458236694336,-0.4648313522338867,0.4620528221130371,0.5406413078308105,0.5088591575622559,-0.834660530090332,4.482210159301758,2.839359998703003,-0.6254758834838867,2.8017992973327637,3.913597822189331,1.9858639240264893,2.86940860748291,3.3340063095092773,4.757848262786865,4.389174938201904,6.747990608215332,4.415178298950195,3.7321505546569824,3.6917004585266113
3.6050217151641846,4.055750846862793,2.9688000679016113,4.756692409515381,-0.2516016960144043,7.406170845031738,4.2915167808532715,5.268674373626709,5.585918426513672,2.6469333171844482,0.7700510025024414,0.6411886215209961,-0.407623291015625,-1.236271858215332,0.23611021041870117,2.668313980102539,-0.28049468994140625,1.3403964042663574,-1.3917155265808105,-1.2299151420593262,-0.6191196441650391,0.1771688461303711,-0.5116381645202637,-1.306192398071289,1.1930427551269531,0.3453254699707031,-2.119816303253174,-1.0288209915161133,-0.443450927734375,1.1861085891723633,2.0898783206939697,2.295017957687378,1.8257973194122314,1.057246208190918,3.260040521621704,2.106058359146118,2.6844940185546875,3.8783483505249023,4.763626575469971,3.416640043258667,3.5686166286468506,6.653800010681152,3.3993043899536133,4.285160541534424
2.4059665203094482,3.4732701778411865,5.065268516540527,0.37479591369628906,7.495161056518555,1.0110177993774414,3.394103527069092,0.7608051300048828,0.23842144012451172,0.4447169303894043,0.0962686538696289,-2.1978273391723633,-1.2616972923278809,-2.477510452270508,-1.7892818450927734,-0.8889789581298828,0.34879255294799805,1.2011327743530273,0.16503381729125977,0.7342238426208496,2.197359800338745,-0.6618809700012207,-0.4746551513671875,-0.2296433448791504,-0.3365468978881836,-2.360783100128174,-0.3446369171142578,-0.8832006454467773,-1.7788801193237305,1.674398422241211,1.4016494750976562,2.5885696411132812,3.8488776683807373,1.313237190246582,0.6983966827392578,2.5562095642089844,2.864785671234131,4.893066883087158,1.9841303825378418,3.643160343170166,3.258884906768799,3.7656660079956055,6.6913604736328125,5.813016891479492
2.663691282272339,3.9765844345092773,2.484555244445801,3.0855274200439453,2.3256442546844482,3.960982084274292,-0.04703998565673828,0.1719679832458496,-0.2383112907409668,-1.280189037322998,-1.6419281959533691,-2.1475534439086914,-1.3709125518798828,-0.7774524688720703,-0.3533048629760742,-1.393449306488037,-1.601478099822998,0.33492374420166016,-0.19901704788208008,0.955543041229248,0.8844666481018066,-0.5099043846130371,-1.189465045928955,-1.2426280975341797,-1.0045509338378906,-0.8323493003845215,-1.926234245300293,-2.294907569885254,6.575211524963379,7.43275260925293,1.9234552383422852,3.6021323204040527,1.9292337894439697,2.3372013568878174,2.19389271736145,1.8818495273590088,-0.9317407608032227,2.4360151290893555,4.873419761657715,4.2036824226379395,3.828652858734131,5.217823028564453,4.929471969604492,4.590269565582275
4.055750846862793,2.269592046737671,1.035865306854248,1.0237302780151367,4.330233573913574,-1.1929326057434082,3.617156744003296,0.055240631103515625,-2.1504430770874023,-1.6754436492919922,-2.613306999206543,-2.816713333129883,-2.2683258056640625,-0.7075319290161133,-1.8880953788757324,-2.0082898139953613,-3.507831573486328,-0.6092958450317383,1.192464828491211,0.10262489318847656,-0.13660812377929688,0.056396484375,0.16561126708984375,-1.2304930686950684,-0.0996251106262207,5.557603359222412,7.277308464050293,7.622867584228516,7.607843399047852,2.8786542415618896,1.5224218368530273,2.266124963760376,5.092427730560303,-0.8583526611328125,2.2141177654266357,1.868558645248413,3.189541816711426,2.9098587036132812,2.8295364379882812,5.024818420410156,4.319253921508789,4.890755653381348,3.964449405670166,4.154564380645752
1.849489450454712,2.8555400371551514,3.5715060234069824,-2.2463674545288086,2.6111061573028564,4.119315147399902,2.2360763549804688,-1.1259007453918457,-1.447767734527588,-0.9496541023254395,-2.7167434692382812,-2.620241165161133,-0.3579277992248535,-0.20421743392944336,0.44587278366088867,1.0763154029846191,-0.11811685562133789,1.1658835411071777,-1.2616972923278809,-0.43189334869384766,-0.3226785659790039,0.6440777778625488,2.175401210784912,2.0921897888183594,5.585918426513672,7.116086006164551,7.2021870613098145,6.993580341339111,7.416572570800781,4.111225128173828,0.18814802169799805,2.5122923851013184,1.0491561889648438,5.213200092315674,3.683610439300537,3.6165788173675537,2.605905294418335,3.0907280445098877,4.458518028259277,3.576706647872925,3.8014934062957764,3.1363790035247803,2.48917818069458,2.840515613555908
3.084949493408203,4.297873497009277,5.21955680847168,3.5899972915649414,1.7969043254852295,2.997115135192871,0.17370128631591797,-1.5384912490844727,-1.4662590026855469,1.097696304321289,-0.6757497787475586,-0.6503238677978516,-0.936363697052002,-0.17185735702514648,1.035865306854248,1.5195324420928955,0.7515592575073242,0.546419620513916,0.7007079124450684,1.5114424228668213,0.33492374420166016,0.6539015769958496,2.813934326171875,3.222479820251465,3.9632935523986816,6.452127456665039,7.683542728424072,8.391996383666992,8.332477569580078,4.556175708770752,3.9338228702545166,1.7431635856628418,7.336250305175781,2.0338261127471924,5.49114990234375,5.03984260559082,2.777529239654541,4.295561790466309,3.1594932079315186,2.8312699794769287,3.446110725402832,3.3738784790039062,3.580173969268799,2.215851306915283
