DATA/wind10m_forecast.json
{"header": {"parameterCategory": 2, "parameterNumber": 3, "lo1": 5.498000144958496, "la1": 51.819000244140625, "dx": 0.559999942779541, "dy": 0.3600006103515625, "nx": 30, "ny": 25, "refTime": "2024-04-03T04:00:00.000000000"}, "data":
[rows 0 to 24 of 25, columns 0 to 29 of 30]
3.5947508811950684,2.511794090270996,2.6190176010131836,2.1499152183532715,2.4759411811828613,2.0862512588500977,1.7354294061660767,1.9984619617462158,1.7129795551300049,1.9374785423278809,2.180741786956787,0.673917293548584,0.6926814317703247,0.7188171148300171,0.5911542177200317,0.2805413007736206,0.38675951957702637,0.7704184055328369,0.42663323879241943,0.8183338642120361,1.431182861328125,2.1298108100891113,0.31438368558883667,1.152737021446228,1.723031759262085,0.5063806772232056,1.2177412509918213,1.5444376468658447,1.5561652183532715,1.5752644538879395
3.058633804321289,2.6649227142333984,2.328174114227295,2.369723081588745,1.6814825534820557,1.2693425416946411,0.7513192296028137,1.7783188819885254,1.7129795551300049,2.5305583477020264,0.024880409240722656,1.9280965328216553,2.444444417953491,2.6726293563842773,1.398345708847046,0.8833380937576294,0.6558233499526978,0.2832218408584595,0.01616847515106201,0.053026556968688965,1.5869920253753662,0.6946918368339539,1.2050083875656128,0.9359445571899414,0.6863150000572205,0.8303965330123901,1.3547861576080322,0.9959226846694946,1.2241076231002808,1.485129714012146
2.7108278274536133,2.177055835723877,2.2196102142333984,1.7250421047210693,1.744476318359375,1.5018833875656128,1.3825972080230713,2.6612367630004883,2.058104991912842,3.6533889770507812,1.723031759262085,1.1493862867355347,2.325493335723877,2.3335351943969727,2.680671215057373,0.8123025894165039,1.032110571861267,1.8252290487289429,0.7844914793968201,0.3743618130683899,0.2641226649284363,1.2938028573989868,2.992624282836914,2.9158926010131836,1.8540453910827637,2.189788818359375,1.731743574142456,0.9912316799163818,1.1517317295074463,1.8724744319915771
4.298739910125732,2.7815282344818115,3.1695432662963867,0.7054141759872437,1.6057560443878174,0.8665844202041626,2.870992660522461,2.1308159828186035,3.4389419555664062,2.3784351348876953,2.547646999359131,1.9783575534820557,3.619546413421631,3.435591220855713,0.8994215726852417,-0.5460845232009888,0.29494941234588623,1.5219876766204834,1.5263437032699585,2.0004723072052,2.005833625793457,2.8539040088653564,2.5747880935668945,1.9063167572021484,1.8744847774505615,1.388628602027893,1.2468925714492798,1.2582850456237793,1.4754126071929932,2.5657410621643066
2.284949541091919,2.026273012161255,2.0708377361297607,1.0843820571899414,0.45343905687332153,2.13383150100708,2.978886365890503,1.634237289428711,1.0210531949996948,0.613269031047821,0.06978023052215576,2.182082176208496,1.8862123489379883,0.4336697459220886,1.9920954704284668,2.316781520843506,1.8178575038909912,1.502888560295105,1.0686335563659668,2.1978306770324707,2.2397146224975586,1.048194169998169,1.525003433227539,1.6426141262054443,2.661907196044922,1.753523349761963,1.7525181770324707,2.2474212646484375,2.4085917472839355,1.418450117111206
2.816710948944092,2.356990337371826,1.5317049026489258,0.5522856712341309,1.7273876667022705,-0.33197271823883057,0.833077073097229,0.7757796049118042,1.0786857604980469,0.40384823083877563,1.8617520332336426,2.2896406650543213,1.744476318359375,1.964619517326355,1.7930619716644287,1.3353519439697266,2.7627639770507812,3.6034626960754395,3.3876757621765137,1.001283884048462,0.13310903310775757,0.3140485882759094,2.2122387886047363,3.092811107635498,2.0936226844787598,2.061790704727173,1.7012519836425781,1.4409000873565674,1.2234374284744263,1.5243332386016846
2.869652509689331,2.1941447257995605,3.8953118324279785,1.2388508319854736,2.6213631629943848,2.4833130836486816,1.9847239255905151,2.1673388481140137,2.350959062576294,1.0424978733062744,2.3057241439819336,1.4656953811645508,1.6727707386016846,1.4847946166992188,2.229327440261841,0.9319237470626831,2.1830873489379883,2.891432285308838,1.5042288303375244,0.7717586755752563,1.9632792472839355,2.486663818359375,2.8230772018432617,4.0360426902771,1.3477497100830078,1.41543447971344,2.1204285621643066,0.7586908340454102,2.1448888778686523,1.9609336853027344
2.512129306793213,1.9384838342666626,3.289834499359131,1.6597027778625488,2.6253840923309326,1.8711340427398682,0.8139779567718506,1.2040032148361206,2.4595227241516113,2.1177480220794678,1.8500244617462158,2.1830873489379883,1.9736665487289429,-0.3755321502685547,0.834082305431366,1.2304739952087402,1.5879971981048584,1.152737021446228,1.2767140865325928,0.8437994718551636,1.1044864654541016,3.9281487464904785,0.9858704805374146,1.107837200164795,1.851029634475708,2.050398349761963,0.5556364059448242,-0.05855286121368408,0.2259243130683899,0.2822166085243225
2.676650285720825,2.0296237468719482,2.87735915184021,2.982907295227051,0.8950656652450562,-0.32560622692108154,1.6804773807525635,0.00645136833190918,0.9476721286773682,1.5960389375686646,1.6104470491409302,0.4671770930290222,-0.1148451566696167,0.607237696647644,-0.07765209674835205,1.8470088243484497,1.6449596881866455,0.9091387391090393,0.7808057069778442,0.7251834869384766,1.9931007623672485,1.9910902976989746,0.9349393844604492,1.5487935543060303,2.656545877456665,-1.8126615285873413,0.06006300449371338,1.3782413005828857,1.3601473569869995,1.124925971031189
2.12746524810791,2.328174114227295,2.773486375808716,2.320132255554199,3.525725841522217,1.7967478036880493,0.38675951957702637,3.309938907623291,1.3286504745483398,0.16594618558883667,2.033979654312134,3.03082275390625,1.6824878454208374,1.956912875175476,0.5224641561508179,-0.20967090129852295,1.3065356016159058,1.108842372894287,1.1068319082260132,2.4735958576202393,2.585845470428467,1.9693105220794678,2.7510366439819336,1.4623446464538574,0.822354793548584,0.19710803031921387,1.8178575038909912,0.6280122995376587,2.5305583477020264,1.5317049026489258
2.2598190307617188,3.377288341522217,3.3474669456481934,2.1221039295196533,1.3789114952087402,1.7987582683563232,3.2583374977111816,0.7717586755752563,0.9895563125610352,1.6576924324035645,3.2117624282836914,2.1140623092651367,3.398733139038086,1.20534348487854,2.612316131591797,0.626336932182312,0.39547139406204224,-0.6700615882873535,1.7893762588500977,0.7617064714431763,2.4906845092773438,2.0229222774505615,1.2797297239303589,1.7434711456298828,1.2157307863235474,1.396335244178772,2.4099318981170654,0.9751482009887695,0.8682597875595093,3.2905044555664062
2.626054286956787,1.1658048629760742,1.7816696166992188,1.7364346981048584,2.8807098865509033,-0.4267984628677368,-0.9840253591537476,2.0574347972869873,-0.16477108001708984,1.3232892751693726,0.1679566502571106,1.1453653573989868,0.725853681564331,2.587185859680176,-0.7514843940734863,1.904306411743164,1.0076502561569214,1.9709858894348145,0.8193390965461731,1.1678153276443481,1.617148518562317,2.099989175796509,2.8183860778808594,2.3208024501800537,-0.07028043270111084,0.6635299921035767,-0.6368893384933472,1.951216697692871,3.028141975402832,3.2737507820129395
2.736293315887451,2.169349193572998,0.18404018878936768,1.103816270828247,1.0381419658660889,0.4276384115219116,0.7583557367324829,0.7834862470626831,1.7025922536849976,0.709770143032074,0.27786070108413696,1.8108209371566772,1.796412706375122,1.8225483894348145,1.0354613065719604,0.571384847164154,-0.15304350852966309,0.7573505640029907,1.6942154169082642,1.0331158638000488,-0.20497989654541016,2.132826328277588,2.6595616340637207,1.579620361328125,0.26278239488601685,1.5528144836425781,1.3708696365356445,2.3744142055511475,2.687037467956543,1.710299015045166
3.2563271522521973,4.045759677886963,1.8808512687683105,1.9089972972869873,0.9473370909690857,-0.2428431510925293,1.1922756433486938,1.9833836555480957,-1.555660367012024,0.3880997896194458,2.0306289196014404,1.3671839237213135,4.109423637390137,1.8540453910827637,1.8764952421188354,0.28858304023742676,0.8176637291908264,-1.1398342847824097,0.6226511001586914,-0.4093745946884155,1.1440250873565674,2.2387094497680664,-0.557141900062561,1.3403780460357666,1.9622740745544434,1.4764177799224854,2.3935132026672363,2.351964235305786,3.0147390365600586,3.896986961364746
5.512040615081787,5.345509052276611,0.39748185873031616,0.5047053098678589,0.9232118129730225,2.8988037109375,0.06140339374542236,0.5107365846633911,1.9234055280685425,1.5722486972808838,0.4946531057357788,-1.7885361909866333,-0.5028600692749023,1.4228060245513916,-0.6352139711380005,-0.2183828353881836,0.14383137226104736,0.9979331493377686,-0.6573288440704346,0.6316980719566345,0.6136041283607483,-1.0932592153549194,1.1912704706192017,1.81551194190979,1.5970442295074463,2.027613401412964,1.9438450336456299,2.9122066497802734,3.061314344406128,3.3196558952331543
4.58723783493042,4.847925186157227,-1.5382364988327026,2.3094100952148438,2.3881521224975586,4.3114728927612305,-0.7042391300201416,3.175239086151123,0.30701208114624023,-0.18889641761779785,-1.6504861116409302,-0.976988673210144,0.2805413007736206,-1.786525845527649,0.22156834602355957,-0.770918607711792,0.9208663105964661,-1.0084856748580933,-0.6094133853912354,-0.658669114112854,1.5243332386016846,2.1995058059692383,1.4335284233093262,0.7010582685470581,1.5286891460418701,2.2832741737365723,2.6176772117614746,2.875013589859009,3.2854785919189453,3.17289400100708
4.709539890289307,3.3890161514282227,1.6409387588500977,1.2552694082260132,3.7304558753967285,0.4497532844543457,-0.3158891201019287,-0.6576639413833618,-0.6982077360153198,-1.7154902219772339,-0.09775650501251221,-1.17501699924469,1.3929845094680786,-2.3340353965759277,-0.7705836296081543,0.7962190508842468,0.18973642587661743,-0.33465325832366943,1.7464869022369385,-0.6710668802261353,0.3901102542877197,0.25876152515411377,1.1162140369415283,1.6767916679382324,1.3065356016159058,1.6158082485198975,1.765586018562317,2.5965676307678223,3.317310333251953,1.4016964435577393
0.1314336657524109,2.293996572494507,0.07179057598114014,0.3515768051147461,-0.17917931079864502,-0.4056887626647949,-1.4511173963546753,-1.103981375694275,-1.143185019493103,-0.07530653476715088,0.6846396327018738,-0.1734830141067505,-1.8223785161972046,-1.305695652961731,5.354556083679199,0.8250353336334229,0.994247317314148,3.1795949935913086,-0.3849142789840698,0.9252222776412964,1.785020351409912,1.254264235496521,-0.26462292671203613,1.6312216520309448,2.6166720390319824,2.4095969200134277,1.5769398212432861,2.3499536514282227,2.9745302200317383,1.95892333984375
-0.14768242835998535,1.5645420551300049,2.132826328277588,0.5683692097663879,-1.78518545627594,-1.8073002099990845,0.26211225986480713,-0.12489736080169678,-0.9340993165969849,0.47756433486938477,1.5565003156661987,-1.7928920984268188,1.6868438720703125,3.3826494216918945,3.952944278717041,0.6136041283607483,-0.5356972217559814,3.808527946472168,1.5286891460418701,0.3210851550102234,1.5571703910827637,-0.5829426050186157,0.26948386430740356,2.3275039196014404,2.4467899799346924,2.060115337371826,2.121433734893799,2.6431429386138916,2.512129306793213,1.6751163005828857
3.4335808753967285,6.524296760559082,3.8765478134155273,-1.2353302240371704,-1.554319977760315,-0.06290888786315918,3.4778103828430176,-0.5367023944854736,-1.6602030992507935,-0.42545807361602783,-1.7925571203231812,-0.24083268642425537,1.095104455947876,0.9697870016098022,1.731743574142456,-0.6734123229980469,1.0274195671081543,0.9252222776412964,2.7406492233276367,-0.5826075077056885,-0.4415416717529297,-0.6690564155578613,-0.4894571304321289,0.43635034561157227,1.1537421941757202,0.904782772064209,1.478093147277832,1.7930619716644287,2.3720686435699463,-0.6275073289871216
2.0155506134033203,2.216259479522705,2.547646999359131,2.319127082824707,0.32041501998901367,3.5461654663085938,6.8828253746032715,6.379879951477051,4.233400821685791,0.4561196565628052,-1.8937491178512573,-1.736935019493103,2.694744110107422,2.8247528076171875,2.260824203491211,1.9224002361297607,0.36330437660217285,0.9031074047088623,-0.16376590728759766,3.537118434906006,2.5530080795288086,3.463402271270752,-0.11786079406738281,1.063272476196289,1.4717267751693726,2.4514808654785156,2.632420539855957,1.4519574642181396,2.7044613361358643,0.2021341323852539
1.6225097179412842,2.099654197692871,0.5023598074913025,2.765444755554199,2.12880539894104,1.4120837450027466,6.699204921722412,2.3643620014190674,0.8803224563598633,4.118470668792725,2.655205726623535,3.665116310119629,1.8798459768295288,2.508108377456665,3.1065492630004883,2.3968639373779297,1.8336058855056763,2.121098756790161,-0.7655575275421143,2.9554312229156494,0.11903595924377441,2.400214672088623,0.661184549331665,0.9999436140060425,0.5821072459220886,0.6377294063568115,1.6576924324035645,1.3082109689712524,1.7562038898468018,-2.2707066535949707
-1.2695077657699585,0.08385324478149414,0.31002771854400635,-0.42143726348876953,-0.18990159034729004,9.197175979614258,9.143564224243164,5.740225315093994,-0.12590265274047852,-0.07631170749664307,0.04297435283660889,3.1293344497680664,2.3804454803466797,3.5588979721069336,3.2037205696105957,3.045900821685791,2.6307451725006104,0.4926426410675049,0.006786465644836426,0.4169160723686218,1.0193778276443481,2.0815601348876953,1.6211694478988647,-0.6811189651489258,-0.209000825881958,2.0912771224975586,0.6420853137969971,0.3911154270172119,1.4673707485198975,-0.008291840553283691
1.2871013879776,0.4564547538757324,-0.07530653476715088,3.034508466720581,4.326215744018555,8.371891021728516,8.190951347351074,5.522762775421143,2.789569854736328,0.4725382328033447,1.5879971981048584,-0.380893349647522,-0.7836514711380005,-0.4918025732040405,0.6863150000572205,3.4158220291137695,1.135648250579834,0.42127203941345215,-0.356097936630249,-0.8828331232070923,0.7278640866279602,-0.457625150680542,0.2972949147224426,-0.5604926347732544,1.1912704706192017,1.4429104328155518,0.708764910697937,1.6653990745544434,1.9535621404647827,0.23229074478149414
2.0751936435699463,-1.570738673210144,-0.9257224798202515,2.3425822257995605,5.047293663024902,8.461355209350586,7.98521614074707,3.278106689453125,5.424586296081543,0.08485853672027588,-0.06190359592437744,0.6665456891059875,-0.8151483535766602,0.6045571565628052,1.1155438423156738,0.9453266263008118,-0.05185139179229736,-1.1398342847824097,-1.3536111116409302,-0.5122420787811279,0.2748450040817261,-2.225806713104248,-0.9873760938644409,0.7117805480957031,1.270012617111206,0.9017671346664429,1.8480141162872314,1.5652122497558594,-0.03911864757537842,0.7369110584259033
