DATA/wind1000hPa_forecast_ECMWF.json
{"header": {"parameterCategory": 2, "parameterNumber": 2, "lo1": -10.0, "la1": 60.0, "dx": 0.125, "dy": 0.125, "nx": 361, "ny": 161, "refTime": "2022-02-17T01:00:00.000000000"}, "data":
[rows 0 to 18 of 161, columns 129 to 171 of 361]
0.9738044738769531,2.069507598876953,1.5314216613769531,0.7462654113769531,-0.16389083862304688,-0.7937736511230469,-1.1863517761230469,-1.1785392761230469,-1.0906486511230469,-0.9148674011230469,-1.2527580261230469,-2.044750213623047,-2.485179901123047,-2.633617401123047,-1.7830314636230469,-1.4187736511230469,-1.5047111511230469,-2.147289276123047,-2.680492401123047,-2.256664276123047,-1.6385002136230469,-0.8347892761230469,-0.4383049011230469,-0.14631271362304688,0.024585723876953125,0.14079666137695312,0.20134353637695312,0.021656036376953125,-0.21467208862304688,-0.4871330261230469,-0.4929924011230469,-0.21662521362304688,0.17107009887695312,0.4493904113769531,-0.07697677612304688,-0.8152580261230469,-1.7908439636230469,-2.179515838623047,-2.343578338623047,-1.9851799011230469,-1.8289299011230469,-1.9099845886230469,-2.777172088623047
0.4122810363769531,0.9005622863769531,0.3839607238769531,0.044116973876953125,0.047046661376953125,-0.12287521362304688,-0.2888908386230469,-0.7713127136230469,-0.8386955261230469,-0.5662345886230469,-0.7195549011230469,-1.1697502136230469,-2.041820526123047,-2.323070526123047,-2.021312713623047,-1.6531486511230469,-1.5222892761230469,-2.070140838623047,-2.327953338623047,-2.058422088623047,-1.1258049011230469,-0.15412521362304688,0.22087478637695312,0.13005447387695312,-0.3650627136230469,-0.6746330261230469,-0.7742424011230469,-0.4129142761230469,-0.2625236511230469,-0.22248458862304688,-0.4080314636230469,-0.4256095886230469,0.049976348876953125,0.4181404113769531,0.5245857238769531,-0.4304924011230469,-1.5789299011230469,-2.593578338623047,-2.872875213623047,-2.583812713623047,-2.239086151123047,-2.095531463623047,-2.724437713623047
-1.0027580261230469,-0.9763908386230469,-1.1638908386230469,-0.9295158386230469,-0.4861564636230469,-0.4890861511230469,-0.6658439636230469,-1.1433830261230469,-0.8855705261230469,-0.23713302612304688,0.4620857238769531,0.5782966613769531,-0.034984588623046875,-0.7117424011230469,-1.1883049011230469,-1.6023674011230469,-1.8504142761230469,-2.374828338623047,-2.558422088623047,-2.453929901123047,-1.6843986511230469,-0.7117424011230469,0.10759353637695312,0.23357009887695312,-0.2869377136230469,-1.3933830261230469,-1.9070549011230469,-1.7654533386230469,-0.6521720886230469,0.17302322387695312,0.5138435363769531,0.2667732238769531,0.030445098876953125,-0.20100021362304688,-0.2566642761230469,-0.9558830261230469,-1.9168205261230469,-2.995922088623047,-3.502758026123047,-3.595531463623047,-3.621898651123047,-3.708812713623047,-4.085765838623047
-0.7693595886230469,-0.9519767761230469,-0.9959220886230469,-0.8836174011230469,-0.6697502136230469,-0.8904533386230469,-0.9793205261230469,-1.3162345886230469,-1.0779533386230469,-0.8260002136230469,-0.4959220886230469,-0.15607833862304688,-0.038890838623046875,0.2628669738769531,0.07341384887695312,-0.5193595886230469,-1.4217033386230469,-2.301586151123047,-2.524242401123047,-2.564281463623047,-2.120922088623047,-1.4402580261230469,-0.3875236511230469,0.3614997863769531,0.4698982238769531,-0.5252189636230469,-1.5935783386230469,-2.143383026123047,-0.9910392761230469,0.3947029113769531,1.4191169738769531,1.2882575988769531,0.6105232238769531,-0.08771896362304688,-0.6394767761230469,-1.1082267761230469,-1.8679924011230469,-2.718578338623047,-3.385570526123047,-3.868968963623047,-4.186351776123047,-4.479320526123047,-4.701976776123047
-0.6931877136230469,-0.8474845886230469,-0.8269767761230469,-1.1482658386230469,-1.6677970886230469,-2.406078338623047,-2.296703338623047,-1.8416252136230469,-1.0222892761230469,-0.6834220886230469,-0.9158439636230469,-1.1131095886230469,-1.0506095886230469,-0.18342208862304688,0.2511482238769531,0.18864822387695312,-0.6873283386230469,-1.4334220886230469,-1.5164299011230469,-1.3806877136230469,-1.1355705261230469,-1.2381095886230469,-1.1345939636230469,-0.5086174011230469,-0.3054924011230469,-0.4519767761230469,-1.6707267761230469,-2.422679901123047,-2.139476776123047,-0.9265861511230469,0.5509529113769531,0.8556404113769531,0.6954841613769531,-0.024242401123046875,-0.6961174011230469,-1.3582267761230469,-2.157054901123047,-2.901195526123047,-3.614086151123047,-3.897289276123047,-4.110179901123047,-4.284984588623047,-4.421703338623047
-1.1414299011230469,-1.4392814636230469,-1.7459220886230469,-2.324047088623047,-3.138500213623047,-4.116039276123047,-3.636547088623047,-2.669750213623047,-0.8631095886230469,-0.061351776123046875,0.23454666137695312,-0.6150627136230469,-0.9480705261230469,-0.7361564636230469,-0.06818771362304688,0.3810310363769531,0.008960723876953125,-0.22834396362304688,-0.21955490112304688,0.12321853637695312,0.19646072387695312,-0.5769767761230469,-1.0564689636230469,-1.3396720886230469,-0.6951408386230469,-0.4783439636230469,-0.9353752136230469,-1.7322502136230469,-2.358226776123047,-1.7361564636230469,-0.8992424011230469,-0.06525802612304688,-0.06525802612304688,-0.3826408386230469,-1.0086174011230469,-1.6717033386230469,-2.328929901123047,-2.989086151123047,-3.535961151123047,-3.784008026123047,-3.872875213623047,-3.892406463623047,-4.216625213623047
-1.0437736511230469,-1.1453361511230469,-1.5154533386230469,-2.010570526123047,-2.518383026123047,-3.075023651123047,-3.073070526123047,-2.438304901123047,-1.2097892761230469,-0.14142990112304688,0.3556404113769531,-0.08576583862304688,-0.6961174011230469,-1.0076408386230469,-0.4070549011230469,0.07732009887695312,0.11247634887695312,-0.4187736511230469,-0.8074455261230469,-0.9597892761230469,-0.9676017761230469,-1.3113517761230469,-1.2547111511230469,-1.1121330261230469,-0.15314865112304688,0.2628669738769531,0.2833747863769531,-0.8494377136230469,-1.8621330261230469,-2.495922088623047,-2.468578338623047,-2.082836151123047,-1.7459220886230469,-1.5486564636230469,-1.4861564636230469,-1.5408439636230469,-1.8758049011230469,-2.583812713623047,-3.326976776123047,-3.977367401123047,-3.939281463623047,-3.963695526123047,-4.136547088623047
-0.9949455261230469,-0.8445549011230469,-1.2273674011230469,-1.6843986511230469,-1.8767814636230469,-2.103343963623047,-2.284008026123047,-2.671703338623047,-2.394359588623047,-1.5281486511230469,-0.5154533386230469,-0.046703338623046875,-0.3113517761230469,-0.6892814636230469,-0.5398674011230469,-0.15803146362304688,0.08610916137695312,-0.4109611511230469,-1.1590080261230469,-1.8220939636230469,-2.181468963623047,-2.182445526123047,-1.6687736511230469,-0.9353752136230469,0.060718536376953125,0.3751716613769531,0.4073982238769531,-0.2898674011230469,-1.1424064636230469,-2.076000213623047,-2.634593963623047,-2.794750213623047,-2.591625213623047,-2.317211151123047,-2.071117401123047,-2.139476776123047,-2.465648651123047,-3.165843963623047,-3.920726776123047,-4.549633026123047,-4.533031463623047,-4.439281463623047,-4.347484588623047
-0.041820526123046875,-0.024242401123046875,-0.9236564636230469,-1.6433830261230469,-1.7322502136230469,-1.5593986511230469,-1.4676017761230469,-2.419750213623047,-3.118968963623047,-2.992015838623047,-1.9929924011230469,-0.8660392761230469,-0.6629142761230469,-0.7381095886230469,-0.9353752136230469,-0.6150627136230469,-0.2615470886230469,-0.2566642761230469,-0.6902580261230469,-1.4207267761230469,-2.008617401123047,-2.182445526123047,-1.7605705261230469,-0.9666252136230469,-0.24103927612304688,-0.032054901123046875,-0.19416427612304688,-0.5779533386230469,-1.4197502136230469,-2.352367401123047,-3.284984588623047,-3.626781463623047,-3.657054901123047,-3.359203338623047,-3.273265838623047,-3.411937713623047,-3.612133026123047,-3.783031463623047,-4.033031463623047,-4.187328338623047,-4.329906463623047,-4.620922088623047,-4.951976776123047
0.16130447387695312,-0.4636955261230469,-1.6365470886230469,-2.298656463623047,-2.354320526123047,-1.7986564636230469,-1.4822502136230469,-2.310375213623047,-2.959789276123047,-3.479320526123047,-2.283031463623047,-1.2791252136230469,-0.5613517761230469,-0.6189689636230469,-0.8533439636230469,-0.9597892761230469,-1.0213127136230469,-1.0457267761230469,-1.3728752136230469,-1.7732658386230469,-2.289867401123047,-2.331859588623047,-2.116039276123047,-1.2986564636230469,-0.7439689636230469,-0.4334220886230469,-0.7957267761230469,-1.3758049011230469,-2.306468963623047,-3.410961151123047,-4.533031463623047,-4.872875213623047,-4.867992401123047,-4.462718963623047,-4.361156463623047,-4.344554901123047,-4.431468963623047,-4.343578338623047,-4.154125213623047,-4.044750213623047,-4.164867401123047,-4.619945526123047,-5.250804901123047
-1.0974845886230469,-1.9890861511230469,-2.549633026123047,-2.653148651123047,-2.441234588623047,-2.066234588623047,-2.243968963623047,-3.185375213623047,-3.671703338623047,-3.689281463623047,-2.407054901123047,-1.3679924011230469,-0.4988517761230469,-0.5105705261230469,-0.6590080261230469,-0.8953361511230469,-1.3504142761230469,-1.7615470886230469,-2.152172088623047,-2.384593963623047,-2.608226776123047,-2.568187713623047,-2.335765838623047,-1.8103752136230469,-1.4783439636230469,-1.3601799011230469,-1.9353752136230469,-2.701976776123047,-3.656078338623047,-4.601390838623047,-5.422679901123047,-5.898265838623047,-5.837718963623047,-5.556468963623047,-5.159984588623047,-5.003734588623047,-4.964672088623047,-4.992992401123047,-4.877758026123047,-4.606273651123047,-4.532054901123047,-4.695140838623047,-5.384593963623047
-1.0193595886230469,-2.109203338623047,-2.793773651123047,-2.266429901123047,-1.5720939636230469,-0.8191642761230469,-1.2976799011230469,-2.361156463623047,-3.204906463623047,-3.235179901123047,-2.357250213623047,-1.8230705261230469,-1.3338127136230469,-1.3894767761230469,-1.4197502136230469,-1.5135002136230469,-1.8504142761230469,-2.195140838623047,-2.520336151123047,-2.449047088623047,-2.446117401123047,-2.368968963623047,-2.388500213623047,-2.264476776123047,-2.575023651123047,-3.032054901123047,-3.855297088623047,-4.786937713623047,-5.649242401123047,-6.238109588623047,-6.533031463623047,-6.775218963623047,-6.634593963623047,-6.361156463623047,-5.903148651123047,-5.556468963623047,-5.296703338623047,-5.204906463623047,-4.951976776123047,-4.695140838623047,-4.642406463623047,-4.952953338623047,-5.627758026123047
0.2892341613769531,-1.1033439636230469,-2.427562713623047,-2.140453338623047,-1.3767814636230469,-0.20588302612304688,-0.5525627136230469,-1.3465080261230469,-2.391429901123047,-2.701000213623047,-2.445140838623047,-2.176586151123047,-2.021312713623047,-2.113109588623047,-2.241039276123047,-2.388500213623047,-2.632640838623047,-2.628734588623047,-2.605297088623047,-2.311351776123047,-2.283031463623047,-2.259593963623047,-2.835765838623047,-3.465648651123047,-4.261547088623047,-5.092601776123047,-5.911937713623047,-6.488109588623047,-6.801586151123047,-7.031078338623047,-6.971508026123047,-6.891429901123047,-6.752758026123047,-6.560375213623047,-6.354320526123047,-6.201000213623047,-6.033031463623047,-5.846508026123047,-5.339672088623047,-4.961742401123047,-4.787914276123047,-5.058422088623047,-5.425609588623047
1.1349372863769531,-0.011547088623046875,-1.1101799011230469,-1.2517814636230469,-0.8885002136230469,-0.23908615112304688,-0.6023674011230469,-1.2049064636230469,-2.127758026123047,-2.524242401123047,-2.773265838623047,-2.740062713623047,-2.654125213623047,-2.556468963623047,-2.636547088623047,-2.754711151123047,-2.939281463623047,-2.763500213623047,-2.656078338623047,-2.512523651123047,-2.985179901123047,-3.628734588623047,-4.619945526123047,-5.586742401123047,-6.560375213623047,-7.116039276123047,-7.406078338623047,-7.448070526123047,-7.365062713623047,-7.316234588623047,-7.343578338623047,-7.335765838623047,-7.279125213623047,-7.056468963623047,-6.851390838623047,-6.675609588623047,-6.504711151123047,-6.246898651123047,-5.786937713623047,-5.548656463623047,-5.399242401123047,-5.514476776123047,-5.488109588623047
1.6017341613769531,1.1632575988769531,0.5753669738769531,-0.005687713623046875,-0.3670158386230469,-0.6599845886230469,-1.1033439636230469,-1.5955314636230469,-2.148265838623047,-2.663890838623047,-3.074047088623047,-3.399242401123047,-3.304515838623047,-3.147289276123047,-2.909984588623047,-2.851390838623047,-2.858226776123047,-2.977367401123047,-3.413890838623047,-4.036937713623047,-5.178539276123047,-6.162914276123047,-7.091625213623047,-7.542797088623047,-7.867015838623047,-7.866039276123047,-7.749828338623047,-7.555492401123047,-7.379711151123047,-7.267406463623047,-7.211742401123047,-7.231273651123047,-7.226390838623047,-7.183422088623047,-7.055492401123047,-6.930492401123047,-6.847484588623047,-6.660961151123047,-6.444164276123047,-6.335765838623047,-6.266429901123047,-6.241039276123047,-5.783031463623047
1.9269294738769531,2.028491973876953,1.8058357238769531,1.3380622863769531,1.0695075988769531,0.5031013488769531,-0.051586151123046875,-1.1228752136230469,-1.9685783386230469,-2.835765838623047,-3.248851776123047,-3.513500213623047,-3.478343963623047,-3.368968963623047,-3.186351776123047,-3.331859588623047,-3.690258026123047,-4.311351776123047,-5.403148651123047,-6.379711151123047,-7.306468963623047,-7.713695526123047,-8.044750213623047,-7.910961151123047,-7.780101776123047,-7.578929901123047,-7.462718963623047,-7.386547088623047,-7.355297088623047,-7.281078338623047,-7.198070526123047,-7.187328338623047,-7.239086151123047,-7.271312713623047,-7.135570526123047,-7.069164276123047,-7.027172088623047,-7.117015838623047,-7.024242401123047,-6.897289276123047,-6.683422088623047,-6.431468963623047,-5.962718963623047
0.8087654113769531,0.8595466613769531,1.1144294738769531,1.3585700988769531,1.7726325988769531,1.5909919738769531,1.0558357238769531,-0.3728752136230469,-1.6150627136230469,-2.789867401123047,-3.216625213623047,-3.684398651123047,-3.999828338623047,-4.541820526123047,-4.910961151123047,-5.369945526123047,-5.939281463623047,-6.675609588623047,-7.354320526123047,-7.742015838623047,-8.104320526123047,-7.959789276123047,-7.830883026123047,-7.608226776123047,-7.413890838623047,-7.198070526123047,-7.041820526123047,-6.964672088623047,-6.983226776123047,-6.980297088623047,-6.977367401123047,-6.990062713623047,-7.020336151123047,-6.977367401123047,-6.766429901123047,-6.679515838623047,-6.690258026123047,-6.931468963623047,-6.990062713623047,-6.903148651123047,-6.576976776123047,-6.233226776123047,-5.856273651123047
0.5802497863769531,0.6906013488769531,0.8937263488769531,0.8048591613769531,0.8741950988769531,-0.06818771362304688,-1.0545158386230469,-2.423656463623047,-3.266429901123047,-3.974437713623047,-4.335765838623047,-4.873851776123047,-5.514476776123047,-6.231273651123047,-6.842601776123047,-7.422679901123047,-7.772289276123047,-7.942211151123047,-7.986156463623047,-7.821117401123047,-7.693187713623047,-7.597484588623047,-7.509593963623047,-7.420726776123047,-7.294750213623047,-7.154125213623047,-6.978343963623047,-6.836742401123047,-6.752758026123047,-6.707836151123047,-6.675609588623047,-6.635570526123047,-6.661937713623047,-6.747875213623047,-6.837718963623047,-6.907054901123047,-6.898265838623047,-6.925609588623047,-6.785961151123047,-6.605297088623047,-6.270336151123047,-6.010570526123047,-5.693187713623047
-0.4510002136230469,0.19646072387695312,0.3282966613769531,-0.24787521362304688,-1.2254142761230469,-2.730297088623047,-3.996898651123047,-5.080883026123047,-5.519359588623047,-5.939281463623047,-6.338695526123047,-6.827953338623047,-7.240062713623047,-7.498851776123047,-7.721508026123047,-7.933422088623047,-8.136547088623047,-8.091625213623047,-7.923656463623047,-7.687328338623047,-7.547679901123047,-7.475414276123047,-7.314281463623047,-7.157054901123047,-7.001781463623047,-6.889476776123047,-6.750804901123047,-6.558422088623047,-6.503734588623047,-6.511547088623047,-6.603343963623047,-6.554515838623047,-6.438304901123047,-6.302562713623047,-6.201000213623047,-6.124828338623047,-5.937328338623047,-5.780101776123047,-5.649242401123047,-5.693187713623047,-5.704906463623047,-5.638500213623047,-5.391429901123047
