DATA/wind10m.json
{"header": {"parameterCategory": 2, "parameterNumber": 2, "lo1": 5.498000144958496, "la1": 51.819000244140625, "dx": 0.2799997329711914, "dy": 0.18000030517578125, "nx": 60, "ny": 50, "refTime": "2024-03-28T06:00:00.000000000"}, "data":
[rows 19 to 37 of 50, columns 0 to 42 of 60]
2.6556577682495117,2.35736346244812,1.2287110090255737,1.3730981349945068,0.5892823934555054,0.35286828875541687,0.8516120910644531,2.017286777496338,2.806920289993286,-2.0689213275909424,-1.2539011240005493,-0.5584100484848022,1.0589371919631958,-1.3073190450668335,-0.8302597999572754,1.1631286144256592,0.00856056809425354,-1.7648093700408936,-1.2930389642715454,-0.02423064410686493,-0.6234636306762695,-0.0998619943857193,-1.7822626829147339,-1.2041853666305542,-1.3766037225723267,-1.0338826179504395,0.3153170645236969,0.6114957332611084,-0.5975480079650879,-0.7916507720947266,1.1276929378509521,1.167359709739685,1.1985642910003662,1.1985642910003662,1.371511459350586,3.0158321857452393,0.8013675212860107,1.272608995437622,4.260839939117432,3.625642776489258,3.104156732559204,2.3758745193481445,2.6836888790130615
2.7593202590942383,2.792111396789551,1.275253415107727,1.996131181716919,1.2863601446151733,0.799251914024353,0.741602897644043,1.0261459350585938,2.5705063343048096,1.1816397905349731,-0.3632494807243347,0.1867966651916504,-0.5324944257736206,0.45547303557395935,0.35286828875541687,0.06991186738014221,-0.7768418788909912,-0.9709446430206299,-1.8266894817352295,0.45864638686180115,-0.3976273536682129,-0.3627205789089203,-0.709143877029419,-1.485026240348816,0.29521921277046204,-1.1724519729614258,-0.17496445775032043,0.4692241847515106,-1.374488115310669,0.028658390045166016,-0.123662069439888,0.14448541402816772,-0.33839160203933716,-0.9349801540374756,0.9436390399932861,2.0257489681243896,4.937819957733154,3.8810970783233643,2.665177583694458,2.3028876781463623,2.389096736907959,2.0749359130859375,2.3451988697052
2.360536813735962,1.870784044265747,0.16088104248046875,0.6813093423843384,-0.45051640272140503,1.9464154243469238,-0.45897865295410156,2.415541410446167,1.552920937538147,-0.8768022060394287,-0.22150680422782898,-0.4087340533733368,-0.3976273536682129,0.9230122566223145,0.599331259727478,-1.242794394493103,-1.2512567043304443,-0.9106512069702148,-1.2671233415603638,-1.2787588834762573,-0.3373338282108307,-0.2743958532810211,-0.7657351493835449,-0.6996238231658936,-0.9714735746383667,-0.48700985312461853,0.691358208656311,-0.833962082862854,0.5189399719238281,0.5972157716751099,-0.523503303527832,-0.49071210622787476,0.3073836863040924,-0.858819842338562,-0.015768393874168396,0.19102779030799866,0.3502238690853119,1.6063388586044312,1.4524316787719727,0.42056629061698914,0.5750023126602173,1.7798149585723877,3.1099746227264404
1.8480417728424072,2.3689990043640137,0.853198766708374,-0.4346497058868408,0.6077935695648193,3.56587815284729,2.948134183883667,2.801102638244629,-0.6573126316070557,-0.00307503342628479,-0.9281045198440552,0.9759013652801514,0.5945712327957153,-0.8117486238479614,0.09106749296188354,-1.2713544368743896,-1.8790496587753296,-2.7295055389404297,-1.2052432298660278,-0.4536897540092468,0.21588563919067383,-0.1030353307723999,0.8161764144897461,0.5020154714584351,0.57976233959198,0.6998205184936523,-0.18765781819820404,0.20689451694488525,-0.4658542275428772,0.893923282623291,1.3641070127487183,0.23492571711540222,-0.16279995441436768,-0.9799357652664185,-0.02899065613746643,-1.497719645500183,-0.24795134365558624,-0.323053777217865,0.7780963182449341,-0.06548410654067993,-0.6107702255249023,1.9284331798553467,2.9581830501556396
1.6073966026306152,2.4816527366638184,1.9575221538543701,1.6549967527389526,1.2588578462600708,1.960695505142212,2.358950138092041,-0.10726645588874817,-1.4326660633087158,-2.3571667671203613,0.25132128596305847,-0.011008381843566895,0.3957084119319916,2.22990083694458,-1.8420273065567017,-2.731621265411377,-2.476696014404297,-0.3521427810192108,-2.183161735534668,-1.1825008392333984,1.683027982711792,0.5247577428817749,1.7089436054229736,1.8237128257751465,-0.4722009301185608,0.8182920217514038,2.3896257877349854,1.5227742195129395,0.6427003145217896,0.9230122566223145,-0.49071210622787476,1.168946385383606,1.1975065469741821,-1.4162704944610596,-1.2105320692062378,-0.5055210590362549,-0.06442633271217346,0.9880658388137817,-0.8651665449142456,1.3022267818450928,-1.1597585678100586,2.0183446407318115,4.360271453857422
3.061845541000366,2.597479820251465,2.546706199645996,3.330522060394287,1.8998730182647705,0.8986833095550537,3.0533833503723145,0.17092996835708618,0.07361409068107605,-2.005983352661133,-1.426848292350769,-0.2548269033432007,-0.2141023427248001,-0.6663037538528442,2.3192832469940186,-2.8902883529663086,-1.0999939441680908,-0.43517857789993286,-0.8133352994918823,-0.5562945008277893,-0.5912013053894043,2.9930899143218994,1.2086131572723389,2.558870792388916,0.23862794041633606,-2.144552707672119,-0.7424639463424683,1.5497475862503052,3.740940809249878,3.876866102218628,0.27670803666114807,1.4809918403625488,-1.6251822710037231,2.0040645599365234,0.7347272634506226,0.8436787128448486,-0.21939125657081604,-0.17020443081855774,0.45970419049263,1.7115880250930786,1.0827372074127197,1.923673152923584,3.768972158432007
2.298656463623047,3.109445810317993,3.3315796852111816,3.319415330886841,2.843942642211914,5.2477498054504395,3.3971621990203857,1.790921688079834,-1.4104527235031128,-0.42671632766723633,1.6042232513427734,1.2144309282302856,-3.0367910861968994,-1.0312381982803345,-1.8007738590240479,-2.825763702392578,-0.8894954919815063,1.5455164909362793,-0.5007610321044922,0.21324118971824646,-0.3108893036842346,-0.4991743564605713,0.43643298745155334,2.417128086090088,2.437225818634033,3.691225290298462,0.35286828875541687,1.0737460851669312,0.7680473327636719,0.5475000143051147,1.5957610607147217,1.6470634937286377,-2.021850109100342,4.019137382507324,1.5037341117858887,-0.003603905439376831,2.7386934757232666,0.017551690340042114,0.45758864283561707,1.798326015472412,2.4324657917022705,3.0089564323425293,3.5510692596435547
2.903707265853882,2.62974214553833,4.281466960906982,4.781797409057617,3.7081499099731445,1.2318843603134155,3.271815061569214,0.7654029130935669,-0.1030353307723999,1.5571520328521729,1.9167976379394531,-1.1920208930969238,1.5798943042755127,-4.702796459197998,0.7236205339431763,3.0004942417144775,-1.022247076034546,1.2276532649993896,-0.2833870053291321,1.9152109622955322,5.194860935211182,-1.8880407810211182,7.793300151824951,0.9304168224334717,3.2818639278411865,-1.2734700441360474,5.013980388641357,2.7915825843811035,3.622469425201416,0.15083211660385132,2.25264310836792,0.02231171727180481,0.9695546627044678,1.4339205026626587,1.0129237174987793,1.1261062622070312,0.9388790130615234,1.334489107131958,0.5660111904144287,1.331844687461853,4.142368793487549,2.52502179145813,3.571167230606079
2.6641199588775635,3.0184764862060547,5.506377220153809,2.9544808864593506,2.1547982692718506,1.0023459196090698,2.4081368446350098,1.133510708808899,0.9568612575531006,-1.4067504405975342,0.5723578929901123,-2.911972761154175,0.8093008995056152,0.32853934168815613,5.049944877624512,-0.18977338075637817,3.8546526432037354,1.3508847951889038,0.7363139390945435,5.414350509643555,-0.38440507650375366,0.8489676713943481,-3.0188088417053223,-0.14217323064804077,3.0517966747283936,2.4499192237854004,5.265732288360596,-0.15909773111343384,5.744906902313232,0.8130030632019043,2.4128968715667725,1.3270846605300903,0.6474603414535522,2.5736796855926514,5.014509201049805,0.11751201748847961,1.1737064123153687,1.520129680633545,1.9665133953094482,3.7171409130096436,3.4283666610717773,3.6356918811798096,3.7541635036468506
3.333695411682129,4.0535149574279785,7.368072032928467,6.732874393463135,-0.2188623547554016,-1.1798564195632935,0.050871819257736206,2.620750904083252,1.0695149898529053,-1.1560564041137695,0.006973892450332642,4.635294437408447,-2.051996946334839,-0.13423988223075867,0.313730388879776,-0.36536502838134766,0.4549441635608673,0.34123268723487854,-1.2988567352294922,4.773334980010986,-2.29634428024292,0.9854214191436768,-0.8842066526412964,0.005916118621826172,-0.9550780057907104,2.8090360164642334,1.254097819328308,2.4959328174591064,1.2075554132461548,-0.24689355492591858,2.736048936843872,1.8771307468414307,-0.3103604316711426,3.3458597660064697,4.969024658203125,-0.9630113840103149,1.6544679403305054,1.389493703842163,2.621279716491699,2.8888983726501465,2.2674520015716553,3.408268928527832,2.8566360473632812
3.5362603664398193,3.7451722621917725,5.031433582305908,9.3175630569458,-1.6934090852737427,3.321530818939209,1.9781489372253418,0.836274266242981,0.7447762489318848,-2.421691417694092,-3.218200445175171,-2.1345038414001465,-3.163724660873413,3.5616471767425537,0.9521012306213379,3.2125794887542725,1.9612243175506592,-0.16755998134613037,0.18732556700706482,-0.3405071794986725,-0.41137850284576416,-2.3254332542419434,-0.29396480321884155,-2.6559898853302,0.9267145395278931,-1.020660400390625,0.3317126929759979,0.9600346088409424,1.8824198246002197,1.2493377923965454,4.075728416442871,1.2472221851348877,3.5399625301361084,2.2923097610473633,-0.16755998134613037,4.1021728515625,2.256345272064209,3.8509504795074463,4.13707971572876,2.3721723556518555,1.8718419075012207,2.8904850482940674,3.284508466720581
3.243783950805664,4.164582252502441,6.960297584533691,-0.9122378826141357,6.428762435913086,2.7212400436401367,0.424268513917923,-4.035865306854248,-0.5785079002380371,-0.5436011552810669,-1.9393432140350342,-0.4960010051727295,-0.9889270067214966,0.5607222318649292,3.7028608322143555,2.228314161300659,-2.5100159645080566,0.004858344793319702,-0.9355089664459229,-3.526543617248535,0.5734156370162964,0.029716193675994873,0.26824578642845154,-0.06601299345493317,-1.1438919305801392,3.3717753887176514,-0.525618851184845,-1.2137054204940796,-0.6456769704818726,0.07361409068107605,5.084322929382324,1.98026442527771,2.8873116970062256,3.066605567932129,-0.5171566009521484,3.166037082672119,5.854387283325195,4.308969020843506,4.5189385414123535,4.022310733795166,2.470546007156372,3.730363130569458,3.001023292541504
2.942845106124878,5.6867289543151855,0.5501444339752197,3.808109998703003,2.9973208904266357,3.9969241619110107,-1.6077288389205933,-0.5245610475540161,2.8963029384613037,-2.306922197341919,1.0113370418548584,-0.13582654297351837,-0.3516138792037964,0.50994873046875,-0.3457960784435272,-1.3580925464630127,2.487999439239502,-1.2528433799743652,0.42532631754875183,-0.0522618442773819,-0.6202902793884277,-0.4944143295288086,0.929358959197998,0.8907499313354492,0.5120643377304077,-0.6774104833602905,-1.2385632991790771,0.23333904147148132,-0.19083115458488464,-2.3328378200531006,3.1406502723693848,2.178069591522217,0.46340641379356384,2.703786611557007,3.6943986415863037,3.413557767868042,3.6393940448760986,2.9364986419677734,4.606205463409424,2.5033371448516846,4.307382583618164,2.6159908771514893,2.064887046813965
3.6642518043518066,4.014377117156982,0.6072646379470825,5.6015777587890625,4.011732578277588,6.348899841308594,0.25766798853874207,4.071497440338135,3.059201240539551,1.0404260158538818,-0.4023873805999756,-0.29713815450668335,-1.148123025894165,0.7188605070114136,-0.3045426309108734,-0.4468141794204712,0.8188208341598511,1.2615022659301758,3.43841552734375,-0.9730602502822876,1.4206982851028442,0.7685762643814087,0.2772369682788849,-0.601250171661377,-1.40569269657135,0.6855404376983643,-1.928236484527588,-2.3455312252044678,-1.904436469078064,-0.0903419703245163,3.390815496444702,3.46274471282959,1.4587783813476562,3.0375165939331055,4.265600204467773,2.0326247215270996,2.8555781841278076,2.2002828121185303,5.021913528442383,2.2478830814361572,1.4148805141448975,4.872237682342529,2.0807535648345947
3.1565170288085938,4.98912239074707,1.8602063655853271,2.4753060340881348,3.1813747882843018,7.266524791717529,-1.7970716953277588,0.28622809052467346,-0.7482817769050598,2.4679014682769775,0.8484387397766113,1.2641466856002808,0.17357441782951355,0.03870731592178345,-2.404766798019409,-1.704515814781189,0.7659318447113037,-0.6060101985931396,2.1986961364746094,1.244048833847046,0.19737449288368225,-1.337465763092041,0.7754518985748291,0.7267938852310181,-1.4167993068695068,-1.1084562540054321,-1.667493462562561,-1.9858856201171875,-2.113877058029175,0.34757938981056213,0.6569803953170776,1.2720800638198853,3.350090980529785,3.1596903800964355,2.104024887084961,3.4193756580352783,3.3120107650756836,1.513254165649414,1.769766092300415,2.079166889190674,1.5301786661148071,1.9723310470581055,3.804936647415161
5.108122825622559,1.9072775840759277,2.2521142959594727,1.459307312965393,3.328935384750366,4.1048173904418945,0.6538070440292358,0.9076744318008423,-0.4103207290172577,-0.4975876808166504,0.8394476175308228,0.2677169144153595,-0.7128461003303528,-0.94820237159729,-1.7716848850250244,-2.409526824951172,0.03341841697692871,0.874354362487793,1.6058099269866943,2.590604066848755,3.7345943450927734,0.5247577428817749,-1.7759159803390503,-1.4818528890609741,-1.1444207429885864,-1.3290035724639893,-1.629413366317749,-0.4076762795448303,4.581347942352295,3.9027817249298096,-0.5912013053894043,0.9674390554428101,0.9499857425689697,1.7586593627929688,3.650500774383545,2.3864524364471436,1.2895334959030151,2.457852602005005,4.680779457092285,1.7597172260284424,1.9189131259918213,1.6206189393997192,2.2462964057922363
6.2314863204956055,4.032888412475586,4.001154899597168,2.8291337490081787,4.7151570320129395,0.14554321765899658,2.294954299926758,-0.23208463191986084,0.5157666206359863,1.2435200214385986,0.7548251152038574,-0.0665418952703476,-0.018941745162010193,-0.7546284198760986,-1.946218729019165,-2.7268612384796143,-1.6801868677139282,0.012262791395187378,0.7156871557235718,-0.8286731243133545,0.6284202337265015,0.3946506679058075,-1.3491014242172241,-1.6521556377410889,0.6839537620544434,1.796210527420044,4.4253249168396,5.186398506164551,5.201207637786865,-0.1728488802909851,-2.4793403148651123,-0.6044235229492188,2.75561785697937,1.898815393447876,3.4653890132904053,-0.03851069509983063,2.1278250217437744,2.6196930408477783,1.2995823621749878,2.6762843132019043,3.3120107650756836,3.392402172088623,1.722694754600525
2.6609466075897217,0.9949414730072021,3.1491124629974365,0.4835042655467987,7.373889923095703,5.785102844238281,0.40152624249458313,0.801896333694458,2.0257489681243896,1.4222849607467651,1.1224039793014526,0.03447619080543518,-1.377132534980774,-1.1290829181671143,-0.6588993072509766,-0.164915531873703,-2.602571964263916,-1.9493920803070068,-2.40635347366333,-1.6510978937149048,-1.8028894662857056,-2.1678240299224854,-0.7027971744537354,-0.4838365316390991,0.5543755292892456,3.188779354095459,4.999171257019043,6.202397346496582,4.969553470611572,1.2472221851348877,-1.5791687965393066,1.1710619926452637,1.2218354940414429,3.125312328338623,4.988064765930176,3.2321484088897705,2.5562262535095215,1.7142325639724731,2.3727011680603027,2.110900402069092,3.125312328338623,1.405360460281372,1.5275341272354126
3.6774742603302,2.218794107437134,1.071630597114563,6.183357238769531,5.041482448577881,6.397557735443115,0.5527888536453247,1.7306281328201294,0.8881055116653442,1.277897834777832,2.6360886096954346,0.8087719678878784,-0.44734305143356323,-0.5372544527053833,-1.3480435609817505,0.5051888227462769,-2.03084135055542,-2.496264934539795,-2.2037885189056396,-1.4728617668151855,-2.289468765258789,-1.258661150932312,-1.2507277727127075,-0.6102413535118103,0.45970419049263,2.177011728286743,3.3543219566345215,3.0004942417144775,2.1283538341522217,0.8526698350906372,1.483107328414917,0.5422110557556152,2.284905433654785,0.051929593086242676,3.569051504135132,4.983833312988281,2.1479227542877197,2.548292875289917,1.5248897075653076,2.746098041534424,0.9251278638839722,2.6360886096954346,3.109445810317993
