DATA/wind10m.json
{"header": {"parameterCategory": 2, "parameterNumber": 2, "lo1": 5.498000144958496, "la1": 51.819000244140625, "dx": 0.2799997329711914, "dy": 0.18000030517578125, "nx": 60, "ny": 50, "refTime": "2024-03-28T06:00:00.000000000"}, "data":
[rows 0 to 18 of 50, columns 0 to 42 of 60]
-2.7252745628356934,-2.3180289268493652,-2.205904006958008,-2.275188684463501,-2.411642551422119,-2.4518380165100098,-1.855778455734253,-1.9689611196517944,-2.069979190826416,-2.1270995140075684,-1.7843782901763916,-2.138735055923462,-1.3660259246826172,-1.0820116996765137,0.06673851609230042,-1.1015806198120117,-0.12260428071022034,1.7279837131500244,3.4267799854278564,1.8448684215545654,1.9141530990600586,2.992032051086426,3.4532246589660645,3.657905101776123,3.427309036254883,4.689770221710205,5.910449504852295,5.470941543579102,5.452430725097656,5.26678991317749,5.34559440612793,6.624452114105225,5.236643314361572,5.05893611907959,4.650632381439209,3.613478422164917,1.8252995014190674,-0.3822895288467407,-2.1080594062805176,-2.81148362159729,-4.014180660247803,-3.699490785598755,-2.786625862121582
-2.314326524734497,-2.4597713947296143,-1.4998351335525513,-2.0562281608581543,-3.179062604904175,-3.0579466819763184,-3.405956506729126,-3.278494119644165,-2.776047945022583,-2.7659990787506104,-2.1096460819244385,-0.9434423446655273,-0.8482420444488525,-0.20881344377994537,-1.2195231914520264,-0.9926291704177856,-0.747223973274231,-0.20828455686569214,2.831249237060547,3.0539121627807617,3.6214118003845215,3.4833712577819824,4.805597305297852,5.715289115905762,5.21442985534668,3.9757683277130127,4.242857933044434,3.836670160293579,4.560192108154297,5.14461612701416,6.831777095794678,5.940596580505371,4.309498310089111,3.6192963123321533,4.376667022705078,3.86628794670105,6.254228591918945,0.12967649102210999,-2.6919543743133545,-2.640123128890991,-3.1240580081939697,-3.3869166374206543,-2.457655906677246
-1.9388142824172974,-1.556955337524414,-1.7801471948623657,-2.1350326538085938,-2.5523273944854736,-2.1260416507720947,-2.1826329231262207,-1.4776217937469482,-1.4162704944610596,-0.8191530704498291,0.31161484122276306,0.44912639260292053,0.855843186378479,0.6670292615890503,-0.9117089509963989,0.32589486241340637,-0.7398195266723633,-0.8143930435180664,1.2345287799835205,1.4244005680084229,2.758791208267212,3.4124999046325684,3.9858171939849854,3.633047342300415,6.11195707321167,6.765665531158447,6.361593246459961,4.013319492340088,6.613345146179199,6.572091579437256,4.8992109298706055,4.705108165740967,4.511534214019775,4.008559226989746,3.6711275577545166,3.9043681621551514,4.151888847351074,1.9242019653320312,-0.43041855096817017,-3.485290288925171,-2.699887752532959,-3.619628429412842,-2.0303125381469727
-1.9314098358154297,-2.0932505130767822,-1.3369369506835938,-2.4084692001342773,-3.4773569107055664,-3.4815878868103027,-2.7189278602600098,-1.6288844347000122,-1.1084562540054321,-1.1560564041137695,-0.3468538522720337,-0.16121329367160797,0.999172568321228,0.1947300136089325,0.691358208656311,0.5363932847976685,-0.28761813044548035,1.5508053302764893,0.983305811882019,1.293764591217041,0.70722496509552,2.662004232406616,2.985685348510742,3.549482583999634,4.665441513061523,5.062638282775879,5.085380554199219,6.600651741027832,7.0454487800598145,7.0491509437561035,4.296804904937744,5.223949909210205,4.576587677001953,4.233337879180908,4.297862529754639,3.461158037185669,5.862849712371826,5.620088577270508,-1.7341337203979492,-2.2709574699401855,-3.690499782562256,-2.5079004764556885,-3.0108754634857178
-0.003603905439376831,-1.9091964960098267,-1.9187164306640625,-2.2212419509887695,-2.597283124923706,-2.6210830211639404,-2.480926990509033,-2.108588218688965,-1.1052829027175903,-1.071962833404541,-1.559599757194519,-0.6567836999893188,-0.1696755439043045,0.14712989330291748,0.6786648035049438,0.19049891829490662,0.5554333925247192,1.3762714862823486,1.7602460384368896,0.6670292615890503,-0.2109290063381195,0.8003096580505371,2.3229854106903076,2.633444309234619,2.914813995361328,3.0782411098480225,3.8974926471710205,5.729040145874023,7.056026458740234,5.005517959594727,3.863114595413208,5.157309532165527,4.196844577789307,5.15678071975708,2.628155469894409,4.396765232086182,4.295217990875244,2.7947559356689453,3.5806872844696045,-1.5167596340179443,-3.3694632053375244,-3.4017255306243896,-2.871248245239258
0.4422508180141449,1.0155681371688843,1.3535292148590088,-0.8128063678741455,-2.2529752254486084,-2.1699395179748535,-2.353464365005493,-2.3312511444091797,-1.7748582363128662,-1.1491807699203491,-1.0523937940597534,-0.9952735900878906,-0.4108496308326721,0.9245989322662354,0.02284061908721924,0.5406243801116943,0.7172738313674927,1.1705330610275269,1.6185033321380615,1.5841255187988281,1.5508053302764893,1.9532909393310547,1.2879468202590942,1.7951526641845703,1.9173264503479004,2.0892159938812256,3.2078194618225098,4.118568420410156,5.618502140045166,5.471470355987549,3.6034295558929443,2.5779106616973877,3.112619161605835,2.7672536373138428,2.376403570175171,3.3823533058166504,4.552787780761719,4.140781879425049,1.98026442527771,3.203059434890747,0.8854610919952393,-3.6487174034118652,-3.8121445178985596
1.2276532649993896,-0.21357345581054688,1.166301965713501,1.5084941387176514,1.7052414417266846,0.6479891538619995,-1.7616360187530518,-1.4686306715011597,-1.7674537897109985,-1.6246533393859863,-1.2163498401641846,-1.1581718921661377,-0.9085355997085571,-0.12419095635414124,-0.2770403325557709,-0.10250644385814667,0.9272434711456299,-0.041155144572257996,0.7791540622711182,2.969289779663086,2.525550603866577,2.0236334800720215,2.4641993045806885,3.227388381958008,2.924862861633301,3.0586721897125244,3.7895991802215576,2.9893875122070312,3.6552608013153076,3.132188081741333,3.308837413787842,1.7660636901855469,2.3002431392669678,2.4610259532928467,2.0818114280700684,1.4196405410766602,2.810093641281128,3.176614761352539,2.829662561416626,2.7730712890625,3.8900883197784424,-1.0952339172363281,-3.223489284515381
0.05245846509933472,-0.0998619943857193,-0.5377833843231201,1.0705727338790894,1.3249690532684326,1.0970172882080078,-1.4601683616638184,-1.3591502904891968,-2.809368133544922,-1.8980897665023804,0.0032716691493988037,-1.8383251428604126,-1.5876309871673584,-1.1031672954559326,-0.3949829041957855,-0.18977338075637817,-0.034808456897735596,0.9029145240783691,0.5723578929901123,1.1414440870285034,2.7191245555877686,2.2468252182006836,1.7084147930145264,2.553581714630127,2.3441412448883057,2.8672139644622803,2.824373722076416,2.8042759895324707,2.8159115314483643,1.7131747007369995,3.2004148960113525,3.538904905319214,3.553184986114502,3.2501306533813477,3.740940809249878,3.6690118312835693,3.8107545375823975,4.060390472412109,3.57275390625,5.048887252807617,4.899739742279053,-1.2211098670959473,-1.1327852010726929
0.6432292461395264,-0.6731793284416199,-0.7953530550003052,0.25766798853874207,1.098075032234192,0.6590958833694458,1.8231840133666992,0.31320151686668396,-0.7657351493835449,-1.3358790874481201,-1.2052432298660278,-0.6414458751678467,-0.5340811014175415,-0.985224723815918,-1.7262003421783447,-1.9366987943649292,0.22276121377944946,0.8669499158859253,0.6553937196731567,0.7331405878067017,1.0748038291931152,1.8099617958068848,3.0200631618499756,2.803218126296997,0.5628378391265869,0.7336695194244385,2.5562262535095215,3.5325582027435303,3.5362603664398193,3.427309036254883,3.8689324855804443,4.772806167602539,4.0037994384765625,3.997452974319458,3.712380886077881,5.020327091217041,3.968892812728882,4.759583950042725,3.8409011363983154,3.7166121006011963,3.243255138397217,0.9875369071960449,-0.10991092026233673
-1.4009326696395874,-0.1887156069278717,-0.07077302038669586,0.14607208967208862,0.6109669208526611,0.6368825435638428,2.013584613800049,0.07414299249649048,-0.1633288562297821,-0.07341746985912323,-1.6484534740447998,0.9743146896362305,-1.867414116859436,-1.2295721769332886,-1.3967015743255615,-1.4971907138824463,-0.031106218695640564,0.3988817632198334,0.7997808456420898,0.5094199180603027,1.130866289138794,0.5025442838668823,1.8596773147583008,1.9585800170898438,1.458249568939209,1.7036547660827637,2.520261764526367,3.7758476734161377,1.6565834283828735,1.9046330451965332,4.022310733795166,4.839975357055664,4.587165832519531,3.0036675930023193,4.688183784484863,4.9875359535217285,4.44595193862915,3.569051504135132,4.01649284362793,4.676019191741943,3.859941244125366,0.9759013652801514,-0.11995983123779297
0.09688529372215271,0.44277969002723694,0.8415632247924805,0.8235808610916138,1.4275739192962646,0.5691845417022705,0.944167971611023,0.9272434711456299,0.5337488651275635,-1.7299025058746338,-0.8344908952713013,-0.912766695022583,-0.9222867488861084,-1.4374260902404785,-1.3448702096939087,-0.8630510568618774,-1.0079669952392578,-0.00307503342628479,-1.126967430114746,0.11751201748847961,0.745305061340332,0.7685762643814087,-0.1506354808807373,2.4250614643096924,1.3080445528030396,1.3577603101730347,3.6780030727386475,3.0697789192199707,2.193936347961426,3.1930103302001953,2.8164403438568115,3.3876421451568604,3.379708766937256,3.7594521045684814,3.2744596004486084,3.5140469074249268,4.871180057525635,4.58928108215332,3.436828851699829,4.208479881286621,5.1361541748046875,0.8949811458587646,0.4924953877925873
1.5005607604980469,0.653278112411499,2.018873453140259,0.9499857425689697,1.0293192863464355,1.0991328954696655,0.7701629400253296,0.03500509262084961,0.4485974609851837,-1.5119996070861816,-0.0051905810832977295,-0.5726901292800903,-0.5150410532951355,-2.2281174659729004,-1.634702205657959,-0.21040010452270508,-0.7318861484527588,0.06197851896286011,-0.1538088321685791,-0.17496445775032043,0.598273515701294,0.6421713829040527,0.08207634091377258,0.9621502161026001,0.7500650882720947,2.040558099746704,1.6735079288482666,1.96968674659729,1.4058893918991089,2.8645694255828857,4.509947776794434,2.3991458415985107,1.8274149894714355,3.2712862491607666,2.7566757202148438,4.558605670928955,2.4906437397003174,4.3544535636901855,4.305795669555664,4.861130714416504,4.496196269989014,0.2788236439228058,0.8854610919952393
1.501618504524231,1.0467727184295654,1.389493703842163,0.9870080947875977,1.2720800638198853,0.5813490152359009,1.4037737846374512,0.36556169390678406,-0.3093026280403137,0.36344608664512634,0.332770437002182,-0.49494320154190063,-1.6426355838775635,-0.836606502532959,-1.4025193452835083,-1.4205015897750854,0.15823659300804138,-0.4293608069419861,0.042938441038131714,-0.4801342785358429,-0.7932374477386475,0.7082827091217041,0.8479098081588745,0.39200618863105774,0.3660905659198761,2.178598403930664,1.336075782775879,2.5985374450683594,1.5137829780578613,1.663459062576294,3.176614761352539,2.2589898109436035,2.3399100303649902,4.0709686279296875,4.4692230224609375,3.7488744258880615,3.289797306060791,3.650500774383545,4.290987014770508,5.287416458129883,3.282392978668213,1.9522333145141602,0.37613949179649353
2.0516645908355713,1.1742353439331055,1.1287506818771362,1.4196405410766602,1.0377815961837769,1.466182827949524,0.6881848573684692,1.0182125568389893,0.5940424203872681,0.2825258672237396,-0.5372544527053833,-0.31617820262908936,-1.2174077033996582,-1.3766037225723267,-0.7757841348648071,-0.8730999231338501,-0.9381535053253174,0.4311440885066986,0.005387216806411743,0.3280104696750641,-0.7049127817153931,0.2989214360713959,0.925656795501709,-0.3648361563682556,0.19155669212341309,1.3138624429702759,3.006312131881714,2.0574824810028076,1.7147613763809204,1.9490599632263184,2.1299405097961426,1.1012483835220337,1.643890142440796,1.482049584388733,3.6848785877227783,3.45586895942688,2.3478434085845947,3.4199044704437256,4.585578918457031,4.079959392547607,2.949720859527588,4.973255634307861,3.125312328338623
2.201869487762451,0.6823670864105225,1.7533705234527588,1.9405977725982666,3.5457804203033447,2.4393415451049805,2.4747772216796875,0.9277722835540771,-0.006248384714126587,0.21800121665000916,-0.16544441878795624,-1.9811255931854248,-1.5855154991149902,-1.5294530391693115,-1.0835983753204346,-1.7098047733306885,-1.6881202459335327,-0.7609751224517822,0.22593456506729126,0.6659715175628662,-0.12789319455623627,0.03553399443626404,1.110768437385559,0.4639352858066559,0.5496156215667725,0.7209761142730713,1.039897084236145,2.785764694213867,0.6289491653442383,-0.4277741312980652,0.6427003145217896,0.19367223978042603,0.9806613922119141,0.9251278638839722,2.426119089126587,3.1406502723693848,2.718066692352295,2.619164228439331,3.30037522315979,1.8575618267059326,2.369527816772461,4.750063896179199,3.9482662677764893
3.371246576309204,1.262031078338623,1.4894540309906006,2.590604066848755,3.7351231575012207,3.242197275161743,3.264939546585083,-0.17390666902065277,0.9007989168167114,1.5270053148269653,0.3671483099460602,-0.9709446430206299,-0.11467093229293823,-0.4045029282569885,-0.7905930280685425,-0.6641881465911865,-0.8937267065048218,-0.9392112493515015,0.03394731879234314,1.0478304624557495,1.7507259845733643,0.31161484122276306,1.1567819118499756,0.9245989322662354,0.1756899654865265,0.6252468824386597,0.9029145240783691,-0.028461769223213196,3.2448418140411377,2.4858837127685547,-0.1030353307723999,0.02231171727180481,1.0420126914978027,0.8378609418869019,2.089744806289673,2.0960915088653564,1.1350973844528198,2.461554765701294,1.5560942888259888,2.349958896636963,4.34652042388916,3.7806079387664795,2.569448471069336
3.4035089015960693,1.459307312965393,1.295351266860962,2.0765225887298584,4.0445237159729,2.996263265609741,3.488131284713745,0.27353474497795105,0.4755708873271942,0.7252072095870972,0.4718686640262604,-0.3077159523963928,0.14765876531600952,-0.8757443428039551,-1.5738798379898071,-0.0839952826499939,-1.4405994415283203,-0.24319133162498474,-0.8704555034637451,0.9261856079101562,0.2708902657032013,-0.15010659396648407,0.11909869313240051,0.6490470170974731,-1.793898344039917,-2.3518779277801514,-2.6173808574676514,0.2185300886631012,-0.4801342785358429,2.628155469894409,3.457455635070801,1.3022267818450928,0.7505940198898315,1.5243607759475708,1.4947429895401,2.042144536972046,2.240478515625,3.370717763900757,1.735917091369629,3.280806303024292,2.7947559356689453,3.025881052017212,2.3727011680603027
3.492891311645508,1.6925480365753174,1.9622821807861328,1.389493703842163,2.3563055992126465,2.7170090675354004,3.9429771900177,0.03500509262084961,1.4318050146102905,1.0504748821258545,-0.9148823022842407,-0.5266766548156738,0.3787839114665985,-0.10991092026233673,-1.3062613010406494,-1.3892970085144043,0.11592534184455872,-0.0871686190366745,0.05721849203109741,-0.31617820262908936,0.3930639922618866,0.11063644289970398,0.13020539283752441,0.7601140737533569,-0.011008381843566895,-1.3501591682434082,-1.7626937627792358,-1.059798240661621,0.10904976725578308,0.6072646379470825,3.553184986114502,4.5559611320495605,1.9770910739898682,3.55001163482666,1.1747641563415527,1.0287903547286987,1.1086528301239014,1.3170357942581177,3.381824254989624,3.5505404472351074,2.769369125366211,2.7524447441101074,2.6503686904907227
3.0512678623199463,1.6946635246276855,0.8452653884887695,1.9940156936645508,0.8695943355560303,2.228314161300659,1.497387409210205,0.17780554294586182,1.6232633590698242,-2.1503705978393555,-0.2077556550502777,-0.13212431967258453,0.7320828437805176,0.26401469111442566,-0.37647172808647156,0.3787839114665985,-0.015239506959915161,-0.9143533706665039,-0.7816019058227539,-0.3309871554374695,0.5755312442779541,0.25713911652565,-0.5287922024726868,0.3835439383983612,-0.2516535818576813,-0.8826199769973755,-0.02423064410686493,-0.23737353086471558,0.6707315444946289,0.050871819257736206,0.6564514636993408,1.9924290180206299,1.6296100616455078,2.10772705078125,1.6565834283828735,1.0917283296585083,0.4480685889720917,-0.6684193015098572,1.354058027267456,2.857693910598755,4.065679550170898,2.109313726425171,1.821068525314331
