DATA/wind1000hPa_forecast.json
{"header": {"parameterCategory": 2, "parameterNumber": 3, "lo1": 5.498000144958496, "la1": 51.819000244140625, "dx": 0.559999942779541, "dy": 0.3600006103515625, "nx": 30, "ny": 25, "refTime": "2024-04-19T07:00:00.000000000"}, "data":
[rows 0 to 24 of 25, columns 0 to 29 of 30]
-2.6392111778259277,-1.9450452327728271,2.8989269733428955,2.125775098800659,3.562713861465454,4.548521041870117,2.570831060409546,3.3530972003936768,3.102468252182007,4.079161643981934,4.211311340332031,5.423443794250488,4.461939811706543,3.813342809677124,3.4305641651153564,2.1956474781036377,1.0002236366271973,2.6179192066192627,2.06349778175354,1.954132318496704,2.5875399112701416,3.079683542251587,2.680196523666382,2.267038583755493,1.9298288822174072,1.243257761001587,1.9860303401947021,1.2827508449554443,0.9698443412780762,0.8209860324859619
1.922234296798706,1.727806806564331,3.2346179485321045,2.7819669246673584,3.6341049671173096,2.3293159008026123,1.8599565029144287,3.360691785812378,3.703977346420288,4.156628608703613,3.453348398208618,4.976868629455566,4.367764472961426,3.7738497257232666,2.742473840713501,2.0240046977996826,2.1576731204986572,1.133892297744751,2.031599283218384,1.2508525848388672,2.851839303970337,0.53997802734375,0.5946605205535889,1.4300901889801025,1.673124074935913,1.1490819454193115,0.9622495174407959,1.2280681133270264,0.10251665115356445,0.31365251541137695
1.9936254024505615,4.071566581726074,3.047785520553589,1.3450281620025635,1.586543321609497,1.7429964542388916,2.548046827316284,4.273588180541992,2.970318555831909,5.469012260437012,4.821933746337891,4.032073020935059,4.047263145446777,2.9779131412506104,4.360169410705566,1.946537733078003,2.7044999599456787,4.8128204345703125,1.9070446491241455,1.243257761001587,1.8842599391937256,0.7040259838104248,1.5637590885162354,0.7906067371368408,0.2817542552947998,1.6184413433074951,1.3131299018859863,1.1566767692565918,0.18909764289855957,0.12530112266540527
2.9855082035064697,2.2275454998016357,4.273588180541992,1.531860589981079,1.7429964542388916,1.2280681133270264,4.101945877075195,3.3758814334869385,4.493838310241699,2.7819669246673584,3.587017297744751,2.625513792037964,3.751065492630005,3.751065492630005,2.9308254718780518,2.2822282314300537,1.2660422325134277,2.5009586811065674,1.5713536739349365,3.868025541305542,2.493364095687866,3.415374517440796,2.2275454998016357,1.0397167205810547,1.4073057174682617,1.3526229858398438,1.1961698532104492,0.8057963848114014,0.6645328998565674,0.26656460762023926
2.6650068759918213,1.273637056350708,2.970318555831909,1.9146392345428467,1.578948736190796,2.5237433910369873,5.297369003295898,3.92270827293396,2.3839986324310303,3.9773905277252197,2.150078535079956,2.993102788925171,2.118180513381958,1.5941379070281982,0.7268104553222656,3.383476495742798,2.1956474781036377,2.2199509143829346,1.4619884490966797,3.298414468765259,3.57942271232605,1.8128688335418701,1.2037646770477295,1.586543321609497,2.04071307182312,1.133892297744751,0.39111971855163574,1.5470502376556396,1.4619884490966797,0.5323832035064697
1.5394554138183594,1.4923677444458008,2.821460008621216,2.212355852127075,2.431086778640747,3.025001287460327,3.015887498855591,1.8052737712860107,3.703977346420288,2.8366496562957764,1.9936254024505615,3.4624621868133545,2.7591826915740967,2.7272841930389404,2.0786874294281006,1.7110984325408936,2.6103241443634033,3.930302858352661,2.5784261226654053,0.6888363361358643,1.1095890998840332,0.4625108242034912,2.1956474781036377,2.344505548477173,1.837172269821167,1.1809802055358887,0.8908584117889404,0.8133912086486816,0.5080797672271729,-0.17849135398864746
1.6184413433074951,1.673124074935913,2.4462764263153076,3.0705697536468506,3.7358758449554443,3.820937395095825,2.602729558944702,1.7035033702850342,4.273588180541992,2.118180513381958,2.3521006107330322,2.1728627681732178,1.1414871215820312,1.360217809677124,2.65741229057312,1.079209804534912,1.8599565029144287,1.2903456687927246,0.3212473392486572,1.0321218967437744,1.7657811641693115,1.9070446491241455,1.7035033702850342,2.1956474781036377,1.7035033702850342,0.47770047187805176,0.8908584117889404,-0.193681001663208,-0.4291203022003174,-0.687343955039978
1.5713536739349365,2.04071307182312,2.540451765060425,1.8128688335418701,1.9693219661712646,3.4624621868133545,1.954132318496704,1.556164026260376,3.5475242137908936,2.118180513381958,2.095395803451538,2.180457830429077,1.641226053237915,2.204761266708374,1.4073057174682617,0.907567024230957,1.079209804534912,0.8908584117889404,0.1647942066192627,1.3055353164672852,0.5171935558319092,1.2280681133270264,1.0093374252319336,-0.21798443794250488,1.2979404926300049,2.0786874294281006,0.1647942066192627,-0.6478509902954102,-1.053413987159729,-0.8741763830184937
2.915635824203491,3.1419613361358643,3.532334566116333,2.321721315383911,1.4847729206085205,4.805225372314453,1.5394554138183594,2.180457830429077,1.9936254024505615,3.6887876987457275,1.6564157009124756,1.782489538192749,2.399188280105591,0.7268104553222656,0.8209860324859619,1.9070446491241455,1.3678126335144043,1.0549063682556152,1.4300901889801025,0.9546546936035156,1.4543936252593994,0.8756687641143799,-0.4838029146194458,-0.687343955039978,0.8452894687652588,-3.123760223388672,-0.9136694669723511,0.18909764289855957,-1.5303683280944824,-1.788591980934143
2.4143779277801514,2.1029908657073975,2.40678334236145,1.3055353164672852,3.5718276500701904,1.6260364055633545,3.726762056350708,1.9146392345428467,1.7900841236114502,2.06349778175354,2.570831060409546,2.1029908657073975,2.6498172283172607,1.2660422325134277,0.8361756801605225,0.8285808563232422,0.8999722003936768,1.6336309909820557,0.5627624988555908,2.1728627681732178,1.164271593093872,0.6569380760192871,-0.17849135398864746,-0.8270885944366455,0.14200973510742188,0.43061256408691406,0.7587087154388428,0.3364369869232178,-0.046341657638549805,-1.3587255477905273
2.235140562057495,2.8913323879241943,2.461466073989868,1.3283195495605469,3.845240831375122,1.360217809677124,1.5242657661437988,1.8204634189605713,2.5556414127349854,1.782489538192749,2.0559027194976807,1.5394554138183594,1.7354018688201904,0.6569380760192871,0.992628812789917,-0.11621403694152832,-0.046341657638549805,0.27415943145751953,2.0559027194976807,0.2984628677368164,-0.8589867353439331,-0.3121602535247803,-1.1703741550445557,-1.2888532876968384,0.20428729057312012,-0.4215254783630371,-0.7800006866455078,0.0007462501525878906,-0.8817712068557739,-2.226053237915039
3.025001287460327,1.9070446491241455,1.610846757888794,1.727806806564331,2.3839986324310303,0.7906067371368408,1.6336309909820557,2.7591826915740967,2.2427351474761963,1.0321218967437744,0.8057963848114014,1.3055353164672852,1.2280681133270264,1.2660422325134277,-0.2802619934082031,0.3987143039703369,-0.14811229705810547,0.2346663475036621,0.2513749599456787,-0.8665815591812134,-1.717200756072998,-1.7961868047714233,-2.2093446254730225,-1.6549232006072998,-0.8270885944366455,-1.741504192352295,-2.022512197494507,0.2984628677368164,0.5946605205535889,-1.7642886638641357
2.9536097049713135,1.8751461505889893,1.8751461505889893,1.9070446491241455,1.0321218967437744,2.2503302097320557,1.8599565029144287,1.4073057174682617,1.2356629371643066,0.6098501682281494,0.6417484283447266,-0.3349447250366211,0.0706183910369873,-1.2645498514175415,-0.5612701177597046,-1.0610088109970093,-1.179487943649292,-0.7101284265518188,-1.4361926317214966,1.5713536739349365,-1.6078354120254517,-2.0999794006347656,-2.2959256172180176,-0.9440486431121826,-2.303520441055298,-2.2093446254730225,-1.6549232006072998,0.26656460762023926,-0.31975507736206055,-1.4832804203033447
2.7591826915740967,2.06349778175354,1.5637590885162354,1.3830022811889648,2.118180513381958,0.9698443412780762,0.907567024230957,0.21947669982910156,0.4230177402496338,1.2827508449554443,-0.006848573684692383,-0.014443397521972656,0.025049686431884766,-1.421002984046936,-0.8194937705993652,0.047833919525146484,-0.3121602535247803,-0.2407689094543457,1.273637056350708,0.9455409049987793,-2.218458414077759,-1.6944162845611572,-1.421002984046936,-4.616900444030762,-4.803732872009277,-2.054410457611084,-4.1551361083984375,-2.4599735736846924,-2.569338798522949,-2.8275625705718994
1.531860589981079,1.8523619174957275,1.837172269821167,1.0321218967437744,-0.2650723457336426,0.9303514957427979,-2.475163221359253,-0.44430994987487793,-0.8043041229248047,-1.279739499092102,0.5946605205535889,0.5080797672271729,0.8452894687652588,-0.7025336027145386,1.0943994522094727,-0.2802619934082031,-0.0767209529876709,-1.741504192352295,0.5080797672271729,0.6569380760192871,-1.053413987159729,-1.7809971570968628,-1.741504192352295,-3.327301263809204,-3.240720510482788,-3.827040195465088,-3.913620948791504,-3.8741278648376465,-1.2098671197891235,-1.3116376399993896
0.5171935558319092,-0.5931682586669922,-0.4594995975494385,1.133892297744751,-1.6549232006072998,-0.029633045196533203,-0.18608617782592773,-1.279739499092102,-1.0701225996017456,0.05542874336242676,-0.3121602535247803,0.03264427185058594,-1.421002984046936,0.43820738792419434,-0.7253180742263794,-0.5931682586669922,-1.31923246383667,0.3288421630859375,1.3997108936309814,0.3759300708770752,0.15719938278198242,-2.3582029342651367,-3.123760223388672,-2.0696001052856445,-4.34348726272583,-2.7956643104553223,-4.654874801635742,-5.092336177825928,-0.6630405187606812,-1.1324000358581543
-0.22557926177978516,0.9455409049987793,-0.1238088607788086,-0.0934295654296875,0.025049686431884766,-0.2407689094543457,-0.8422781229019165,-0.10861921310424805,-1.2098671197891235,-0.8513919115066528,-0.3820323944091797,-0.13899850845336914,-0.1708965301513672,-0.3349447250366211,-1.8979573249816895,0.7982015609741211,-0.6402561664581299,0.7116208076477051,0.5627624988555908,0.43820738792419434,-1.9997278451919556,-3.1951515674591064,-5.077146530151367,-3.4761595726013184,-4.264501571655273,-2.991610527038574,-5.124234199523926,-4.225008487701416,1.1262977123260498,1.4376850128173828
0.3759300708770752,-0.029633045196533203,0.2118818759918213,1.079209804534912,-0.6083579063415527,-0.3820323944091797,-1.0230348110198975,-0.9136694669723511,0.3531455993652344,0.17238903045654297,-0.7177232503890991,0.0007462501525878906,-1.9359314441680908,-1.5227735042572021,-0.7496213912963867,-1.124805212020874,0.9850339889526367,-0.15570688247680664,1.0245270729064941,-0.7496213912963867,-1.351130723953247,-2.280735969543457,-2.810853958129883,-3.459451198577881,-3.804255485534668,-4.334373474121094,-4.0381760597229,-3.014394998550415,-0.3744375705718994,2.259443998336792
0.24378013610839844,0.47770047187805176,0.24378013610839844,-3.3348960876464844,-0.6326613426208496,0.17998385429382324,-0.4215254783630371,1.9860303401947021,-0.7967092990875244,-0.3121602535247803,0.5323832035064697,-0.6478509902954102,-1.8356797695159912,-4.34348726272583,-4.475637435913086,-0.20279479026794434,-0.5384856462478638,-0.16330170631408691,0.008341073989868164,-0.4519047737121582,-1.5227735042572021,-1.3116376399993896,-3.0614829063415527,-5.335370063781738,-4.319183826446533,-4.960186004638672,-2.0620052814483643,-3.0857863426208496,-1.2964481115341187,1.9769165515899658
-1.0701225996017456,-1.2569550275802612,-3.1085705757141113,-0.05393648147583008,0.39111971855163574,0.6022553443908691,4.243208885192871,1.4923677444458008,-0.687343955039978,-1.7566938400268555,-0.8741763830184937,-2.874650478363037,-3.968303680419922,-4.764240264892578,-2.390101194381714,-2.0073225498199463,-3.1404688358306885,-0.17849135398864746,-1.124805212020874,-0.029633045196533203,-1.8812487125396729,-1.5622665882110596,-1.2721446752548218,-2.8032591342926025,-2.4280753135681152,-3.577930212020874,-2.7257919311523438,-3.1404688358306885,-1.6245440244674683,1.0245270729064941
-0.687343955039978,-3.381983995437622,-0.4048168659210205,-1.1005018949508667,3.57942271232605,0.6964311599731445,-0.06153130531311035,0.5080797672271729,1.1262977123260498,0.5870656967163086,-2.3733925819396973,-5.529797554016113,-5.030058860778809,-4.545509338378906,-6.389530181884766,-9.65530014038086,-3.9834933280944824,-4.890314102172852,-1.7642886638641357,-2.1470673084259033,-0.7875955104827881,-0.8817712068557739,-1.2417653799057007,-1.4361926317214966,-1.3344221115112305,-1.5151786804199219,-2.7956643104553223,-0.6007630825042725,-0.6630405187606812,0.5627624988555908
-0.30304646492004395,-1.7490990161895752,-1.3435359001159668,1.9298288822174072,1.3055353164672852,-2.5146563053131104,-4.67158317565918,-0.3820323944091797,-0.5688648223876953,-0.4291203022003174,-1.3116376399993896,-1.4058133363723755,-3.093380928039551,-5.584480285644531,-9.31201457977295,-6.6629438400268555,-5.226004600524902,-9.06898021697998,-10.060863494873047,-3.600714683532715,-0.9911365509033203,-1.66251802444458,-1.2888532876968384,-1.3982185125350952,-1.460495948791504,-1.249360203742981,-1.3587255477905273,-0.30304646492004395,1.8842599391937256,-0.046341657638549805
-0.2878568172454834,-2.077194929122925,0.4533970355987549,-0.7496213912963867,-0.06912612915039062,-1.8037816286087036,-7.217365264892578,-6.483705520629883,-5.467519760131836,-0.2878568172454834,-1.7566938400268555,-2.819967746734619,-1.1703741550445557,-5.099930763244629,-6.031054973602295,-5.491823196411133,-6.264975547790527,-5.01486873626709,-8.08469295501709,-3.7100799083709717,-3.779952049255371,-2.8579418659210205,-3.2179360389709473,-0.5931682586669922,-1.5774562358856201,-2.194154977798462,-0.7724058628082275,0.015935897827148438,0.025049686431884766,-0.46709442138671875
-0.10861921310424805,-1.179487943649292,-0.46709442138671875,-2.1318776607513428,-0.6554458141326904,-6.108522415161133,-9.741881370544434,-5.733338356018066,-3.523247480392456,-0.9060746431350708,-2.218458414077759,1.3207247257232666,-2.482758045196533,-2.733386754989624,-4.170325756072998,-4.515130043029785,-5.648276329040527,-8.686202049255371,-9.826943397521973,-0.2574775218963623,-1.5531527996063232,-5.069551467895508,-6.1313066482543945,-2.9202191829681396,-1.1627793312072754,-1.1870827674865723,-1.179487943649292,-1.1156914234161377,-0.11621403694152832,0.5551676750183105
-3.77235746383667,-2.7181973457336426,-1.8432745933532715,-0.7177232503890991,-3.381983995437622,-9.741881370544434,-7.796090126037598,-5.889791488647461,-7.530271530151367,-6.523199081420898,-2.022512197494507,-2.9369277954101562,-2.2883307933807373,-3.7252695560455322,-1.7566938400268555,-2.0696001052856445,-5.522202491760254,-7.522676467895508,-5.671060562133789,-4.843226432800293,-9.327204704284668,-2.2093446254730225,-3.5141336917877197,-2.9673070907592773,-2.6559197902679443,-1.2721446752548218,-1.9906140565872192,-1.3891048431396484,-0.3577289581298828,0.34403181076049805
