DATA/wind1000hPa.json
{"header": {"parameterCategory": 2, "parameterNumber": 3, "lo1": 5.498000144958496, "la1": 51.819000244140625, "dx": 0.559999942779541, "dy": 0.3600006103515625, "nx": 30, "ny": 25, "refTime": "2024-04-02T01:00:00.000000000"}, "data":
[rows 0 to 24 of 25, columns 0 to 29 of 30]
2.959240436553955,2.1235904693603516,1.9360790252685547,1.6235589981079102,1.6629638671875,1.5692081451416016,0.9822149276733398,2.029834270477295,1.2879400253295898,1.2797880172729492,0.9441690444946289,1.857269287109375,2.1004910469055176,1.7485666275024414,2.451056480407715,1.4822454452514648,1.4278945922851562,1.2634820938110352,0.5922441482543945,0.1696634292602539,-2.001667022705078,-2.1348276138305664,-0.6102762222290039,0.3109769821166992,0.1628704071044922,-0.16595458984375,-1.5165824890136719,-2.8685693740844727,-1.8372554779052734,1.9822769165039062
2.8654842376708984,2.7255301475524902,2.3573007583618164,2.802980422973633,2.2880024909973145,1.0841236114501953,0.9754209518432617,2.209193229675293,2.209193229675293,1.3572378158569336,-0.25971126556396484,2.0923385620117188,2.6698198318481445,2.975545883178711,1.9279260635375977,1.24853515625,0.6234970092773438,0.4984884262084961,0.0840606689453125,-0.4472227096557617,-1.3684759140014648,-0.45401668548583984,-0.5015735626220703,-0.17274856567382812,-0.5165205001831055,-1.8685073852539062,-2.61855411529541,-0.14964962005615234,-0.6496810913085938,1.2797880172729492
3.2717599868774414,3.350569248199463,1.9754829406738281,1.2172832489013672,0.9441690444946289,0.3965797424316406,1.311039924621582,2.9986448287963867,1.4754524230957031,2.1154375076293945,1.5692081451416016,1.5216503143310547,3.0924010276794434,2.162994861602783,3.388615131378174,0.8653593063354492,0.3965797424316406,-0.3847188949584961,-0.4159708023071289,-1.0559558868408203,-0.5165205001831055,-0.07219886779785156,0.29467201232910156,0.4441375732421875,-1.172811508178711,-2.79791259765625,-2.572355270385742,-1.5097885131835938,-1.5478343963623047,-0.0015420913696289062
4.98246431350708,2.584217071533203,2.7092247009277344,1.701009750366211,1.5379562377929688,0.9591150283813477,3.0611486434936523,2.006734848022461,2.4442625045776367,1.0759706497192383,0.9197111129760742,1.1941843032836914,2.6942782402038574,3.0067977905273438,1.2403831481933594,0.09221363067626953,-0.8534975051879883,-1.337224006652832,-0.04909992218017578,-0.774688720703125,-1.8291025161743164,0.3109769821166992,0.15471744537353516,0.006609916687011719,-0.6415281295776367,-2.3603858947753906,-3.547959327697754,-4.0167388916015625,-0.37656593322753906,1.7485666275024414
3.154904842376709,1.857269287109375,2.756782054901123,1.6004600524902344,1.2009782791137695,1.6072540283203125,3.131805419921875,1.5447502136230469,0.6629009246826172,1.294734001159668,0.7947025299072266,1.4903984069824219,0.37348079681396484,0.24032020568847656,1.3191919326782227,1.5379562377929688,-0.2746572494506836,-0.5559253692626953,-0.3059091567993164,0.6071910858154297,0.5446872711181641,0.1628704071044922,-1.1415596008300781,-0.8059406280517578,-1.9079113006591797,-0.8765974044799805,-3.7748756408691406,-5.783153533935547,1.2322301864624023,2.2947964668273926
2.1697888374328613,1.819223403930664,2.388552665710449,1.6385059356689453,1.3816957473754883,1.6942157745361328,2.006734848022461,0.9047641754150391,1.24853515625,0.9672679901123047,0.9822149276733398,0.7947025299072266,1.3653907775878906,0.8341073989868164,0.05280876159667969,0.07590770721435547,-0.25971126556396484,-0.6890850067138672,-0.572230339050293,-0.4703216552734375,-0.48526859283447266,-0.8290395736694336,-0.2977561950683594,-1.5016365051269531,-1.2978191375732422,-0.4159708023071289,-0.6972379684448242,-2.047865867614746,-0.24340534210205078,5.35748815536499
2.6548733711242676,1.6942157745361328,2.9279885292053223,2.3573007583618164,2.6698198318481445,2.1466894149780273,1.3966426849365234,0.7254047393798828,2.8817896842956543,1.3259859085083008,1.444199562072754,0.7566566467285156,0.9047641754150391,1.092275619506836,0.43598461151123047,0.12346553802490234,-0.8684444427490234,-0.8915433883666992,-1.3915748596191406,-1.485330581665039,-1.134765625,-2.041071891784668,-1.1660175323486328,-0.12655067443847656,-1.2203683853149414,-1.0097579956054688,-1.2040634155273438,-1.337224006652832,-1.126612663269043,4.0136542320251465
2.2947964668273926,1.5379562377929688,3.2255611419677734,1.7879714965820312,1.467299461364746,2.413010597229004,1.459146499633789,1.2634820938110352,1.4360475540161133,0.3259239196777344,0.7947025299072266,0.9754209518432617,0.5528402328491211,1.24853515625,-0.3059091567993164,-0.5953292846679688,0.3028240203857422,-0.3915128707885742,-1.2040634155273438,-0.3602609634399414,-0.2515583038330078,0.29467201232910156,-0.1890544891357422,-2.1348276138305664,-2.447347640991211,-1.0872077941894531,-1.0953607559204102,1.6779098510742188,0.2715721130371094,2.7255301475524902
3.0924010276794434,2.6236214637756348,3.186156749725342,2.5217127799987793,1.138474464416504,3.0924010276794434,1.3816957473754883,1.5841541290283203,1.1547794342041016,0.6465959548950195,0.17781639099121094,1.2172832489013672,2.240445613861084,-0.24340534210205078,-0.16595458984375,0.9672679901123047,0.6465959548950195,-0.9540472030639648,-1.5016365051269531,-1.0872077941894531,-1.0165519714355469,-0.26650428771972656,-2.1728734970092773,-2.297882080078125,-1.1660175323486328,2.802980422973633,2.3505067825317383,2.186094284057617,1.9591779708862305,2.600522041320801
2.615468978881836,2.584217071533203,2.2635445594787598,1.7798185348510742,2.794827938079834,1.412947654724121,1.6317119598388672,1.8735742568969727,0.5840921401977539,1.6860628128051758,2.013528823852539,1.6779098510742188,2.1004910469055176,1.3653907775878906,0.40473270416259766,0.37348079681396484,-0.5015735626220703,-1.0953607559204102,-1.1415596008300781,-0.8684444427490234,-1.4391326904296875,-0.9160022735595703,-2.4704465866088867,-1.7598047256469727,-1.5016365051269531,-0.08714580535888672,-0.21215343475341797,-0.21215343475341797,5.8344197273254395,2.3192548751831055
2.17794132232666,3.1943092346191406,2.1466894149780273,1.100428581237793,3.6155314445495605,1.2634820938110352,1.5610551834106445,0.950963020324707,2.3111019134521484,1.5692081451416016,2.2880024909973145,1.2172832489013672,0.8191614151000977,0.6003971099853516,0.7254047393798828,0.21722126007080078,-0.8453454971313477,-0.16595458984375,1.4197416305541992,-0.3534669876098633,-1.0722618103027344,-1.7122468948364258,-3.4705095291137695,-2.626706123352051,0.896611213684082,1.2797880172729492,1.467299461364746,2.04478120803833,1.412947654724121,7.388864994049072
2.6385679244995117,2.17794132232666,1.7635135650634766,2.1004910469055176,2.4592089653015137,1.0447187423706055,0.6003971099853516,2.4823083877563477,2.006734848022461,1.6004600524902344,0.8653593063354492,1.2009782791137695,1.294734001159668,0.9903669357299805,-0.4934206008911133,-0.5015735626220703,-1.2434682846069336,-0.3602609634399414,-0.8996963500976562,-2.7354087829589844,-2.970478057861328,-2.79791259765625,-4.087395668029785,-3.2829971313476562,-1.1891164779663086,-0.4934206008911133,-0.6184291839599609,4.990617275238037,7.670132637023926,9.01396656036377
3.2405080795288086,1.9510250091552734,1.701009750366211,1.6779098510742188,1.3884897232055664,1.7404146194458008,1.5610551834106445,2.052933692932129,1.6004600524902344,0.14656448364257812,-0.1972064971923828,-0.5477724075317383,0.7254047393798828,-1.3453760147094727,-1.3766288757324219,-0.9309482574462891,-1.3997278213500977,-2.978631019592285,-3.181089401245117,-1.291025161743164,-1.899759292602539,-2.7286148071289062,-1.5097885131835938,-0.8915433883666992,-1.7122468948364258,0.4984884262084961,-2.212278366088867,6.615718841552734,8.451431274414062,4.334326267242432
2.748629093170166,2.388552665710449,1.092275619506836,1.4360475540161133,2.2947964668273926,-0.7434368133544922,1.1860313415527344,1.444199562072754,-0.3847188949584961,0.6003971099853516,0.6153440475463867,-0.3290090560913086,-1.3915748596191406,-2.431041717529297,-1.3684759140014648,-0.6034822463989258,-0.9540472030639648,-1.2597732543945312,-0.4703216552734375,1.0447187423706055,1.7322616577148438,-1.697300910949707,-1.8685073852539062,-3.4623565673828125,-2.407942771911621,-1.6497430801391602,0.8884592056274414,8.303323745727539,9.21778392791748,8.311476707458496
2.6467208862304688,2.7010722160339355,3.4280195236206055,3.490523338317871,0.8259544372558594,1.6779098510742188,-1.5478343963623047,0.15471744537353516,-1.2978191375732422,-1.180964469909668,0.6384429931640625,-0.728489875793457,0.5134353637695312,1.1235275268554688,0.2484731674194336,-0.5165205001831055,0.10715961456298828,-0.055893898010253906,0.43598461151123047,0.388427734375,-0.6415281295776367,-4.001791954040527,-1.1415596008300781,-2.829164505004883,-1.2747201919555664,-2.3454389572143555,-1.8766593933105469,7.732636451721191,8.787050247192383,9.365890502929688
1.506704330444336,0.8884592056274414,4.780006408691406,1.2716350555419922,-0.5477724075317383,1.4903984069824219,-0.5328254699707031,-1.8766593933105469,-1.172811508178711,0.1628704071044922,-1.282872200012207,-0.15780258178710938,-0.6347341537475586,-1.0247039794921875,0.31912994384765625,0.1384115219116211,0.2715721130371094,-0.6415281295776367,0.9441690444946289,0.4672365188598633,-1.2434682846069336,-3.6974258422851562,-2.166079521179199,-0.3059091567993164,-0.18090152740478516,-1.2353153228759766,4.154967308044434,6.490711212158203,7.818239212036133,8.826455116271973
1.6629638671875,1.7254676818847656,0.388427734375,0.2715721130371094,0.5446872711181641,-0.3847188949584961,-2.297882080078125,-1.172811508178711,-3.353653907775879,-0.8915433883666992,0.5066413879394531,-0.16595458984375,1.107222557067871,-1.5165824890136719,-0.21215343475341797,1.4822454452514648,0.4509315490722656,-0.46216869354248047,1.9279260635375977,0.9047641754150391,-0.1102447509765625,-0.7977876663208008,1.1629323959350586,1.819223403930664,1.6004600524902344,0.8735122680664062,2.538018226623535,2.2798500061035156,6.318145751953125,4.780006408691406
-0.1972064971923828,1.0297718048095703,0.09221363067626953,0.10036563873291016,-1.2434682846069336,-0.2828102111816406,-0.8534975051879883,-0.9622001647949219,-2.259836196899414,-0.6578330993652344,-0.7977876663208008,-1.4078807830810547,0.12346553802490234,-2.774813652038574,-2.8998212814331055,-0.8915433883666992,-2.228583335876465,-0.07219886779785156,-1.0790557861328125,1.092275619506836,0.6778478622436523,1.3259859085083008,0.7172527313232422,1.1153755187988281,0.7566566467285156,0.5609922409057617,1.5692081451416016,0.3259239196777344,7.076345443725586,7.772041320800781
-0.7597417831420898,1.2797880172729492,1.0216188430786133,-1.7203998565673828,-1.329071044921875,0.6316490173339844,0.4984884262084961,-0.7909936904907227,-1.3915748596191406,-1.853560447692871,0.24032020568847656,1.7879714965820312,2.6779727935791016,-3.5873641967773438,-3.681119918823242,-0.47847461700439453,5.607503414154053,1.444199562072754,1.138474464416504,1.3572378158569336,0.26342010498046875,0.17781639099121094,1.9197731018066406,1.146627426147461,2.413010597229004,2.788033962249756,1.450993537902832,-0.6496810913085938,7.623933792114258,4.419929504394531
-0.1414966583251953,0.5446872711181641,-0.7909936904907227,-1.4703845977783203,-1.2597732543945312,-0.5477724075317383,0.8504133224487305,2.436110019683838,0.6629009246826172,-0.5328254699707031,-0.1414966583251953,2.427957057952881,2.576064109802246,0.45908451080322266,-3.922983169555664,-0.29096317291259766,4.5449371337890625,2.81113338470459,0.8422603607177734,0.8259544372558594,0.3653278350830078,2.600522041320801,2.021681785583496,1.6154060363769531,1.5447502136230469,1.7635135650634766,-0.6415281295776367,4.107409954071045,6.061336517333984,3.7880964279174805
-0.6102762222290039,-1.3222770690917969,1.6004600524902344,-1.2978191375732422,2.3260483741760254,1.3504438400268555,1.294734001159668,2.04478120803833,2.6698198318481445,5.013716697692871,1.1153755187988281,4.7256550788879395,6.405107498168945,3.4592714309692383,4.326173305511475,3.732386589050293,3.36551570892334,2.9048891067504883,2.271697521209717,2.3192548751831055,1.0134668350219727,3.2323551177978516,1.302886962890625,2.04478120803833,1.0447187423706055,-0.9934520721435547,-3.118584632873535,5.967580318450928,5.06127405166626,3.0067977905273438
0.0840606689453125,-1.118459701538086,-2.493546485900879,1.5216503143310547,2.436110019683838,-0.6972379684448242,-0.7203378677368164,2.8885836601257324,1.450993537902832,3.694340705871582,2.600522041320801,4.1699137687683105,1.9360790252685547,1.9510250091552734,1.0216188430786133,3.740539073944092,5.857519149780273,6.232542991638184,-0.4703216552734375,1.2172832489013672,2.7255301475524902,1.5923070907592773,1.9129791259765625,2.17794132232666,1.2091312408447266,2.4592089653015137,3.8261423110961914,4.419929504394531,4.123715400695801,5.1074724197387695
-0.774688720703125,0.37348079681396484,-0.18090152740478516,-1.0410099029541016,-0.10345077514648438,9.34958553314209,11.241007804870605,9.39714241027832,2.186094284057617,0.09221363067626953,1.6004600524902344,2.7092247009277344,2.3342013359069824,2.6942782402038574,3.303011894226074,2.4442625045776367,4.436234951019287,5.8425726890563965,3.115499973297119,1.1629323959350586,0.7321987152099609,2.248598098754883,1.857269287109375,1.5610551834106445,-0.774688720703125,3.881852149963379,2.8423852920532227,6.17003870010376,2.162994861602783,4.217471122741699
-0.5477724075317383,-1.7203998565673828,0.9591150283813477,4.194371700286865,8.186469078063965,10.670319557189941,10.170289039611816,9.849616050720215,7.482620716094971,3.9824018478393555,1.6629638671875,0.013403892517089844,1.3884897232055664,1.4822454452514648,2.9279885292053223,0.334075927734375,4.319379806518555,6.732573986053467,6.709474563598633,-1.0097579956054688,-0.9703531265258789,0.12346553802490234,1.8029184341430664,1.3966426849365234,0.28787803649902344,3.506828784942627,2.6548733711242676,3.544874668121338,5.123777866363525,2.6942782402038574
-4.681182861328125,-1.3997278213500977,-0.4703216552734375,4.436234951019287,7.459521293640137,9.545249938964844,10.943434715270996,10.045280456542969,6.311351776123047,3.6236839294433594,0.5609922409057617,1.2254362106323242,0.10715961456298828,2.607316017150879,2.17794132232666,3.544874668121338,7.263856887817383,8.1239652633667,6.318145751953125,3.2568130493164062,0.17781639099121094,-0.6890850067138672,-1.1891164779663086,0.9197111129760742,5.771915912628174,2.6942782402038574,4.740601539611816,1.5216503143310547,3.4198670387268066,5.4675493240356445
