DATA/wind10m.json
{"header": {"parameterCategory": 2, "parameterNumber": 3, "lo1": 5.498000144958496, "la1": 51.819000244140625, "dx": 0.559999942779541, "dy": 0.3600006103515625, "nx": 30, "ny": 25, "refTime": "2024-03-30T01:00:00.000000000"}, "data":
[rows 0 to 24 of 25, columns 0 to 29 of 30]
2.5600016117095947,2.1423304080963135,2.1214756965637207,1.480776309967041,1.5456571578979492,0.31118106842041016,1.0607881546020508,-1.2239484786987305,2.276726722717285,3.3889715671539307,-0.5369057655334473,1.8022847175598145,0.2746853828430176,-0.20670795440673828,-0.9059162139892578,-0.42452239990234375,0.8835239410400391,1.3353734016418457,1.1262483596801758,0.5052447319030762,-0.4019303321838379,2.294684648513794,4.435756683349609,3.775940418243408,5.309911727905273,4.332642078399658,4.083545684814453,3.2904915809631348,3.19374942779541,4.030829429626465
3.20939040184021,3.0269126892089844,3.4301016330718994,3.139295816421509,1.9888174533843994,1.9233570098876953,2.538567543029785,4.255596160888672,1.3405871391296387,-0.9829621315002441,0.6743984222412109,1.3098845481872559,2.135378837585449,0.7398591041564941,-0.4801349639892578,-0.07578754425048828,0.2903265953063965,1.3000364303588867,0.5463747978210449,0.7404379844665527,2.587228298187256,3.8257594108581543,3.438211679458618,3.3814408779144287,2.6810741424560547,2.879192590713501,2.891357898712158,2.067601442337036,3.2603683471679688,5.084566116333008
2.2964227199554443,1.042250633239746,1.9332051277160645,1.6198070049285889,0.566070556640625,2.0710771083831787,1.1714329719543457,0.3569455146789551,-0.5612359046936035,1.175487995147705,-1.8918747901916504,-0.7848434448242188,1.284395694732666,0.6674470901489258,2.672384738922119,2.868765354156494,4.56088399887085,4.348862171173096,3.1879565715789795,5.479065418243408,1.4361705780029297,2.9817278385162354,4.79144287109375,5.070662975311279,3.720907211303711,3.093531608581543,3.048346519470215,3.347262382507324,2.773181915283203,3.4596455097198486
2.606924295425415,1.601848840713501,2.0641255378723145,1.9175641536712646,1.7669477462768555,0.29727792739868164,-0.6956324577331543,-0.4361085891723633,-0.42799854278564453,1.5375471115112305,1.38519287109375,-0.8647861480712891,3.5656564235687256,4.463562488555908,4.4855756759643555,4.782753944396973,0.6489095687866211,3.4046125411987305,0.5492711067199707,2.8577587604522705,2.987520694732666,3.3698549270629883,2.8479108810424805,3.932929039001465,4.206356048583984,3.2232935428619385,2.2222728729248047,2.0415332317352295,2.3317596912384033,1.7055425643920898
0.7074184417724609,1.203873634338379,1.2200937271118164,1.4367499351501465,-0.5027275085449219,-0.1371927261352539,-1.3635587692260742,-2.1537160873413086,-0.18701171875,0.9223365783691406,-0.030602455139160156,2.0786080360412598,3.2534167766571045,2.112786293029785,-0.3051881790161133,-1.7551617622375488,0.8093743324279785,1.46339750289917,0.13739299774169922,4.821566581726074,5.693983554840088,3.745816946029663,7.580744743347168,3.718010902404785,4.161750316619873,2.35782790184021,3.0216991901397705,1.309305191040039,3.070939064025879,3.3385729789733887
0.6500682830810547,0.44557762145996094,-0.9487838745117188,0.790257453918457,0.8053193092346191,0.35810375213623047,-0.9557356834411621,-0.6996874809265137,-0.3503727912902832,0.11943483352661133,2.022995710372925,6.102965354919434,4.646040439605713,3.493824005126953,0.31002235412597656,0.6958327293395996,2.347979784011841,3.577821731567383,-1.2523341178894043,2.24660325050354,2.029947280883789,1.9279913902282715,4.918308734893799,2.5825939178466797,1.790698766708374,0.16461944580078125,1.5230648517608643,1.886282205581665,2.155654191970825,5.9164323806762695
-0.3845515251159668,0.10958671569824219,-0.6000485420227051,-2.0755114555358887,-1.4886860847473145,-2.1305441856384277,1.7142319679260254,0.5446367263793945,0.41081953048706055,1.208508014678955,3.753347873687744,2.5808560848236084,3.105696678161621,1.2426862716674805,2.297581195831299,1.7692649364471436,2.7019286155700684,4.322793960571289,2.377523899078369,2.8728203773498535,0.9860591888427734,3.7301759719848633,3.7093214988708496,5.815056324005127,4.84995174407959,5.663860321044922,3.6218481063842773,2.316697835922241,5.4553141593933105,8.317028045654297
0.12175178527832031,-0.6429166793823242,-0.7552995681762695,-1.1555919647216797,0.10379362106323242,-1.5396642684936523,-0.3822340965270996,-0.3040294647216797,3.31482195854187,2.858917474746704,1.558980941772461,2.606924295425415,3.06282901763916,1.4877276420593262,5.9164323806762695,0.860931396484375,1.4975757598876953,1.5375471115112305,2.36767578125,0.9721560478210449,1.9673833847045898,3.73075532913208,2.045588254928589,3.2986018657684326,3.6311166286468506,2.9029438495635986,3.6235857009887695,6.176535606384277,0.026747703552246094,3.0471880435943604
-0.08273887634277344,-0.9285087585449219,-1.058849811553955,0.2845335006713867,-0.3822340965270996,-1.5367674827575684,2.135958194732666,-0.13024091720581055,1.9650661945343018,0.7074184417724609,2.0739736557006836,1.8920753002166748,2.485851764678955,2.4626801013946533,1.4251642227172852,2.256451368331909,4.0823869705200195,1.765209674835205,-0.8288698196411133,-0.912867546081543,2.085559606552124,0.7398591041564941,3.9740588665008545,3.136399269104004,4.307153224945068,6.700797080993652,5.173198223114014,0.5689668655395508,1.7513067722320557,2.350296974182129
-0.3550071716308594,-0.3990335464477539,-0.21713542938232422,3.110910415649414,0.5365266799926758,3.4243085384368896,-0.5027275085449219,4.423591136932373,2.7517478466033936,-1.1086692810058594,0.5353679656982422,2.501492738723755,0.9321846961975098,0.5707049369812012,-0.15862655639648438,-0.16384029388427734,3.507147789001465,5.298325538635254,2.7366862297058105,2.509023666381836,2.9956307411193848,1.46339750289917,3.6206893920898438,3.5534911155700684,0.8539800643920898,-0.4830312728881836,-0.26232004165649414,-0.36080026626586914,2.0241544246673584,0.8313875198364258
0.5064034461975098,-0.9348807334899902,2.8508071899414062,2.3520348072052,2.2124249935150146,3.690783977508545,4.144950866699219,0.9489841461181641,0.8528213500976562,0.8209600448608398,2.105255603790283,1.7084388732910156,3.3773858547210693,0.6888809204101562,1.3521728515625,-0.2571067810058594,-0.5739803314208984,0.03196144104003906,1.76810622215271,0.011106491088867188,2.002720355987549,-1.666529655456543,2.493382692337036,1.2455825805664062,-0.26289939880371094,-0.8873786926269531,0.21733522415161133,-0.781947135925293,2.319594383239746,0.7526035308837891
-1.7151904106140137,1.6713640689849854,2.269195795059204,-0.2043910026550293,1.0932283401489258,1.3666553497314453,-1.0472640991210938,4.764216423034668,-0.9702177047729492,1.1946048736572266,-0.29128503799438477,4.395785331726074,5.718314170837402,3.804325580596924,3.448638916015625,0.7983675003051758,2.763333797454834,3.529740333557129,5.384061336517334,2.335235357284546,6.495727062225342,6.438956260681152,6.300504684448242,3.4984583854675293,0.2045907974243164,0.7404379844665527,2.1996805667877197,-0.6996874809265137,4.355813980102539,4.005340576171875
-0.6898393630981445,0.037754058837890625,-0.5131545066833496,0.9704179763793945,1.163322925567627,0.7595548629760742,1.2183561325073242,7.360033988952637,3.012430429458618,6.681100845336914,1.5618774890899658,5.30122184753418,4.274133205413818,5.2189621925354,7.351923942565918,3.171157121658325,-1.41917085647583,1.435011863708496,1.2583274841308594,5.618675231933594,4.752630233764648,5.794201374053955,5.567697525024414,3.149143934249878,2.166660785675049,0.46121835708618164,2.440666913986206,3.869785785675049,3.584193706512451,2.2222728729248047
0.339566707611084,4.469934940338135,4.96117639541626,2.8728203773498535,-0.8062777519226074,5.828380107879639,3.2789056301116943,8.317607879638672,0.09626293182373047,-1.6618952751159668,10.258243560791016,8.862723350524902,12.388887405395508,9.857950210571289,5.59608268737793,-0.06999444961547852,2.5072858333587646,1.0306644439697266,0.5417404174804688,1.9691214561462402,4.697018146514893,4.957700729370117,0.5220441818237305,0.35810375213623047,1.5022101402282715,2.4192330837249756,2.655005693435669,2.78360915184021,3.605048418045044,4.238796234130859
2.7702853679656982,7.613764762878418,-0.6753568649291992,3.068621873855591,0.5318922996520996,14.365440368652344,7.337441444396973,5.2942705154418945,10.769760131835938,4.007078647613525,5.5613250732421875,-1.7082386016845703,3.4115641117095947,1.2780232429504395,-0.64581298828125,1.75825834274292,-0.04624366760253906,2.677018880844116,1.601848840713501,1.495837926864624,2.4273431301116943,1.0387749671936035,2.2778851985931396,1.3990960121154785,2.1794052124023438,2.0345816612243652,3.070939064025879,3.5639185905456543,3.8628344535827637,1.9175641536712646
2.3989577293395996,5.210272789001465,0.6506476402282715,7.030994892120361,9.378294944763184,10.169610977172852,1.322049617767334,6.622592449188232,5.151763916015625,3.720327854156494,-0.05029869079589844,2.458625078201294,1.2855539321899414,-0.7106938362121582,2.3265459537506104,0.29843664169311523,3.212286949157715,-0.7761540412902832,1.8903374671936035,1.0631051063537598,0.7329072952270508,2.685129165649414,1.2658581733703613,0.47685909271240234,3.000265121459961,2.4447219371795654,2.393164873123169,3.6334338188171387,3.2105491161346436,0.6245794296264648
4.922363758087158,7.049531936645508,3.8361868858337402,0.025009632110595703,9.47214126586914,-0.12039327621459961,2.7922985553741455,1.850945234298706,3.5836145877838135,2.5153958797454834,1.9801280498504639,-0.19570159912109375,0.15071678161621094,-2.898108959197998,-1.7360448837280273,0.5591192245483398,-0.24378299713134766,-0.507361888885498,0.989534854888916,-0.19975662231445312,1.3307390213012695,0.9675216674804688,-0.6545023918151855,-0.8138084411621094,1.6487715244293213,2.287733316421509,2.0131478309631348,2.455728530883789,2.3091671466827393,-0.18121910095214844
4.009395599365234,5.416501522064209,4.303098201751709,1.7953331470489502,-1.250596046447754,-0.30982255935668945,0.9837417602539062,1.1233515739440918,-0.14819908142089844,-0.030602455139160156,1.9389979839324951,-2.497817039489746,-0.5287957191467285,-2.1838393211364746,-2.5563254356384277,2.1996805667877197,4.037781238555908,1.8190841674804688,-1.3687725067138672,0.26599597930908203,1.667309045791626,-0.45638370513916016,-1.2575478553771973,0.6871433258056641,2.445880651473999,2.579697608947754,1.3597040176391602,1.7507274150848389,0.5104584693908691,0.1420273780822754
5.501657962799072,5.641847133636475,8.926445960998535,3.788684844970703,-1.3728275299072266,0.7369623184204102,0.20343255996704102,1.5392849445343018,1.5433399677276611,-0.8763723373413086,-4.129109859466553,-2.658860683441162,-2.0598702430725098,8.289801597595215,6.597103118896484,0.7983675003051758,-2.817007541656494,3.5836145877838135,0.3059673309326172,0.39228248596191406,0.26136159896850586,-0.05493307113647461,-0.8022222518920898,2.1996805667877197,2.3589863777160645,2.039795160293579,2.7992501258850098,3.1555161476135254,2.561739444732666,3.909757137298584
7.512388229370117,9.624495506286621,5.036484718322754,-1.2975192070007324,-0.7639889717102051,0.011106491088867188,-0.5745596885681152,-0.3196702003479004,1.5833113193511963,-0.08621454238891602,-2.8569788932800293,-3.1900734901428223,-0.6852049827575684,5.795360088348389,7.042580604553223,1.6916394233703613,3.7365481853485107,-1.1301031112670898,6.117447853088379,0.3986544609069824,2.2095284461975098,3.255154609680176,-0.4529080390930176,-0.6655092239379883,1.3226289749145508,-0.058988094329833984,-1.0582704544067383,3.080787181854248,5.0677666664123535,2.4389290809631348
6.078635215759277,4.870806694030762,7.006085395812988,0.2045907974243164,0.34883546829223633,-0.09722137451171875,-0.9232950210571289,3.428942918777466,-1.1608057022094727,0.06903600692749023,-0.5056238174438477,-1.6421990394592285,2.453411340713501,4.6721086502075195,6.178273677825928,8.952513694763184,5.3898539543151855,3.9636316299438477,4.4479217529296875,3.0500845909118652,2.629516839981079,5.088621139526367,-0.7483482360839844,0.860931396484375,2.412860870361328,3.680356740951538,1.334214687347412,2.2355966567993164,1.528857707977295,-0.5062031745910645
4.418377876281738,5.121640682220459,2.3537728786468506,0.09800100326538086,0.13449621200561523,-2.7584996223449707,1.9876587390899658,1.4019923210144043,0.3893857002258301,6.289498329162598,2.9643490314483643,0.6506476402282715,1.5172717571258545,3.8130149841308594,4.819828510284424,7.3577165603637695,9.789594650268555,2.3288631439208984,-0.9713764190673828,4.768850803375244,1.367814064025879,3.3715927600860596,0.1234898567199707,2.468472957611084,1.7924365997314453,3.8587794303894043,0.026747703552246094,3.421412229537964,2.655005693435669,0.5208854675292969
0.9924311637878418,4.219100475311279,0.2874302864074707,-0.7865815162658691,-3.8950743675231934,-7.949554920196533,2.5072858333587646,5.331345558166504,3.265002727508545,0.5579605102539062,-1.1179380416870117,4.6848530769348145,4.972182750701904,0.4328327178955078,4.0823869705200195,5.488913536071777,7.481106758117676,7.793346405029297,0.9182815551757812,2.780712604522705,0.4195089340209961,2.9458115100860596,5.2039008140563965,0.7769336700439453,-0.11749649047851562,3.3119254112243652,0.022113323211669922,0.2213907241821289,0.5695462226867676,2.039795160293579
2.6179308891296387,2.266878604888916,-2.669288158416748,-3.701590061187744,-11.592157363891602,-7.540573596954346,7.097034454345703,10.860709190368652,8.164673805236816,0.8058986663818359,1.972017765045166,-0.2710094451904297,0.06787776947021484,1.6841084957122803,2.89888858795166,3.3490004539489746,7.251706123352051,8.27126407623291,7.913839340209961,1.0544157028198242,2.6028692722320557,2.4273431301116943,3.444004535675049,1.3249459266662598,2.128427267074585,0.6031455993652344,1.9372601509094238,2.2836780548095703,3.4416873455047607,0.9762110710144043
3.0999038219451904,-2.7162108421325684,-3.144888401031494,-7.562007427215576,-10.28005599975586,-4.1824049949646,7.318903923034668,12.567890167236328,9.353964805603027,5.57638692855835,2.5727460384368896,2.5403056144714355,2.027630090713501,2.26224422454834,1.1442065238952637,-1.4127988815307617,4.220258712768555,7.012457370758057,6.765098571777344,4.98666524887085,1.3278427124023438,-1.0912904739379883,-1.137054443359375,3.3843374252319336,4.207514762878418,1.369551658630371,3.8813719749450684,0.7329072952270508,0.18199872970581055,2.844434976577759
