DATA/wind1000hPa_forecast_ECMWF.json
{"header": {"parameterCategory": 2, "parameterNumber": 3, "lo1": -10.0, "la1": 60.0, "dx": 0.125, "dy": 0.125, "nx": 361, "ny": 161, "refTime": "2022-02-17T01:00:00.000000000"}, "data":
[rows 38 to 56 of 161, columns 301 to 343 of 361]
14.525619506835938,14.990463256835938,15.218002319335938,15.185775756835938,14.780502319335938,14.320541381835938,13.839096069335938,13.634017944335938,13.694564819335938,13.801986694335938,13.910385131835938,14.069564819335938,14.328353881835938,14.585189819335938,14.599838256835938,14.383041381835938,14.022689819335938,13.631088256835938,13.490463256835938,13.664291381835938,14.052963256835938,14.167221069335938,13.953353881835938,13.581283569335938,13.447494506835938,13.518783569335938,13.619369506835938,13.708236694335938,13.714096069335938,13.599838256835938,13.239486694335938,12.813705444335938,12.559799194335938,12.514877319335938,12.503158569335938,12.443588256835938,12.297103881835938,12.106674194335938,11.881088256835938,11.659408569335938,11.555892944335938,11.424057006835938,11.230697631835938
14.867416381835938,15.079330444335938,15.076400756835938,14.652572631835938,14.258041381835938,13.934799194335938,13.886947631835938,14.020736694335938,14.209213256835938,14.338119506835938,14.334213256835938,14.338119506835938,14.483627319335938,14.606674194335938,14.648666381835938,14.458236694335938,14.030502319335938,13.591049194335938,13.306869506835938,13.400619506835938,13.511947631835938,13.558822631835938,13.236557006835938,13.051010131835938,13.028549194335938,13.219955444335938,13.416244506835938,13.511947631835938,13.547103881835938,13.342025756835938,12.967025756835938,12.508041381835938,12.194564819335938,12.095932006835938,12.102767944335938,12.117416381835938,12.103744506835938,12.032455444335938,11.890853881835938,11.789291381835938,11.623275756835938,11.449447631835938,11.129135131835938
15.130111694335938,15.232650756835938,14.971908569335938,14.522689819335938,14.033432006835938,13.767807006835938,13.712142944335938,13.926986694335938,14.338119506835938,14.606674194335938,14.642807006835938,14.413314819335938,14.194564819335938,14.035385131835938,13.965072631835938,13.842025756835938,13.665267944335938,13.359603881835938,13.073471069335938,12.835189819335938,12.685775756835938,12.515853881835938,12.418197631835938,12.425033569335938,12.760971069335938,13.162338256835938,13.515853881835938,13.661361694335938,13.545150756835938,13.205307006835938,12.676010131835938,12.133041381835938,11.878158569335938,11.891830444335938,12.128158569335938,12.287338256835938,12.310775756835938,12.223861694335938,12.092025756835938,11.921127319335938,11.658432006835938,11.204330444335938,10.897689819335938
14.743392944335938,14.873275756835938,14.843978881835938,14.570541381835938,14.129135131835938,13.691635131835938,13.349838256835938,13.521713256835938,13.926010131835938,14.497299194335938,14.736557006835938,14.640853881835938,14.328353881835938,13.953353881835938,13.803939819335938,13.785385131835938,13.895736694335938,13.739486694335938,13.462142944335938,13.086166381835938,12.927963256835938,12.799057006835938,12.690658569335938,12.537338256835938,12.672103881835938,12.988510131835938,13.498275756835938,13.767807006835938,13.754135131835938,13.405502319335938,12.791244506835938,12.357650756835938,12.176010131835938,12.552963256835938,12.955307006835938,13.211166381835938,13.045150756835938,12.597885131835938,12.205307006835938,11.918197631835938,11.754135131835938,11.565658569335938,11.425033569335938
14.582260131835938,14.762924194335938,14.911361694335938,14.709213256835938,14.246322631835938,13.520736694335938,13.029525756835938,12.833236694335938,13.059799194335938,13.566635131835938,14.071517944335938,14.403549194335938,14.477767944335938,14.274642944335938,14.101791381835938,14.058822631835938,14.107650756835938,14.044174194335938,13.815658569335938,13.632064819335938,13.481674194335938,13.360580444335938,12.922103881835938,12.641830444335938,12.565658569335938,13.034408569335938,13.423080444335938,13.642807006835938,13.492416381835938,13.253158569335938,12.967025756835938,12.772689819335938,12.742416381835938,12.966049194335938,13.306869506835938,13.532455444335938,13.435775756835938,12.993392944335938,12.470932006835938,12.240463256835938,12.293197631835938,12.437728881835938,12.391830444335938
14.471908569335938,14.564682006835938,14.676986694335938,14.393783569335938,13.767807006835938,13.187728881835938,12.800033569335938,13.040267944335938,13.387924194335938,13.831283569335938,14.270736694335938,14.606674194335938,14.760971069335938,14.617416381835938,14.204330444335938,13.935775756835938,13.886947631835938,14.068588256835938,14.275619506835938,14.303939819335938,14.202377319335938,13.814682006835938,13.488510131835938,13.361557006835938,14.117416381835938,14.797103881835938,15.200424194335938,14.918197631835938,14.436752319335938,14.055892944335938,13.756088256835938,13.347885131835938,12.972885131835938,12.677963256835938,12.605697631835938,12.847885131835938,13.139877319335938,13.259017944335938,13.110580444335938,12.832260131835938,12.786361694335938,12.690658569335938,12.523666381835938
14.839096069335938,14.758041381835938,14.521713256835938,14.186752319335938,13.727767944335938,13.419174194335938,13.470932006835938,13.725814819335938,14.215072631835938,14.516830444335938,14.783432006835938,15.004135131835938,15.042221069335938,14.751205444335938,14.258041381835938,13.818588256835938,13.898666381835938,14.153549194335938,14.478744506835938,14.421127319335938,14.174057006835938,13.891830444335938,13.887924194335938,14.587142944335938,15.451400756835938,16.283432006835938,16.112533569335938,15.630111694335938,14.892807006835938,14.167221069335938,13.432846069335938,12.912338256835938,12.579330444335938,12.641830444335938,12.786361694335938,13.049057006835938,13.513900756835938,13.738510131835938,13.704330444335938,13.341049194335938,12.941635131835938,12.468978881835938,11.986557006835938
15.391830444335938,15.003158569335938,14.564682006835938,14.201400756835938,14.153549194335938,14.117416381835938,14.076400756835938,14.019760131835938,14.044174194335938,14.132064819335938,14.283432006835938,14.459213256835938,14.469955444335938,14.294174194335938,13.885971069335938,13.777572631835938,13.876205444335938,14.169174194335938,14.125228881835938,13.939682006835938,13.666244506835938,13.729721069335938,14.198471069335938,14.896713256835938,15.644760131835938,15.794174194335938,15.649642944335938,15.267807006835938,14.731674194335938,13.985580444335938,13.179916381835938,12.718002319335938,12.928939819335938,13.361557006835938,13.868392944335938,14.255111694335938,14.472885131835938,14.478744506835938,14.060775756835938,13.668197631835938,13.266830444335938,12.808822631835938,11.946517944335938
15.500228881835938,15.068588256835938,14.353744506835938,13.962142944335938,13.818588256835938,13.808822631835938,13.707260131835938,13.648666381835938,13.659408569335938,13.796127319335938,13.895736694335938,13.969955444335938,13.953353881835938,13.804916381835938,13.657455444335938,13.623275756835938,13.710189819335938,13.774642944335938,13.801986694335938,13.858627319335938,14.109603881835938,14.389877319335938,14.823471069335938,15.400619506835938,15.886947631835938,16.122299194335938,16.111557006835938,16.144760131835938,16.001205444335938,15.618392944335938,14.927963256835938,14.362533569335938,14.066635131835938,13.896713256835938,14.010971069335938,14.307846069335938,14.591049194335938,14.199447631835938,13.522689819335938,12.977767944335938,12.821517944335938,12.499252319335938,11.875228881835938
14.912338256835938,14.704330444335938,14.319564819335938,13.907455444335938,13.558822631835938,13.150619506835938,12.960189819335938,12.944564819335938,13.148666381835938,13.309799194335938,13.434799194335938,13.594955444335938,13.832260131835938,13.936752319335938,14.001205444335938,13.893783569335938,13.693588256835938,13.527572631835938,13.669174194335938,14.195541381835938,14.639877319335938,14.918197631835938,15.058822631835938,15.540267944335938,16.067611694335938,16.334213256835938,16.304916381835938,16.320541381835938,16.359603881835938,16.197494506835938,15.767807006835938,15.225814819335938,14.693588256835938,14.169174194335938,13.955307006835938,14.113510131835938,14.097885131835938,13.600814819335938,12.760971069335938,12.311752319335938,12.244369506835938,11.935775756835938,11.253158569335938
14.016830444335938,13.985580444335938,14.084213256835938,14.123275756835938,13.862533569335938,13.323471069335938,13.006088256835938,13.010971069335938,13.130111694335938,13.198471069335938,13.250228881835938,13.458236694335938,13.806869506835938,14.032455444335938,14.077377319335938,13.977767944335938,13.694564819335938,13.623275756835938,13.836166381835938,14.370346069335938,14.650619506835938,14.502182006835938,14.418197631835938,14.773666381835938,15.411361694335938,15.798080444335938,15.822494506835938,15.846908569335938,15.913314819335938,15.862533569335938,15.581283569335938,15.246322631835938,14.859603881835938,14.341049194335938,13.877182006835938,13.520736694335938,13.256088256835938,12.751205444335938,12.382064819335938,12.391830444335938,12.628158569335938,12.469955444335938,11.728744506835938
13.455307006835938,13.385971069335938,13.525619506835938,13.743392944335938,13.680892944335938,13.477767944335938,13.404525756835938,13.513900756835938,13.575424194335938,13.468002319335938,13.346908569335938,13.409408569335938,13.571517944335938,13.712142944335938,13.815658569335938,13.860580444335938,13.851791381835938,13.858627319335938,14.012924194335938,14.210189819335938,14.158432006835938,13.917221069335938,13.817611694335938,14.290267944335938,14.881088256835938,15.380111694335938,15.490463256835938,15.590072631835938,15.674057006835938,15.605697631835938,15.403549194335938,15.138900756835938,14.850814819335938,14.359603881835938,13.909408569335938,13.505111694335938,13.181869506835938,12.838119506835938,12.556869506835938,12.459213256835938,12.681869506835938,12.704330444335938,12.517807006835938
13.014877319335938,12.877182006835938,12.818588256835938,12.857650756835938,12.906478881835938,12.961166381835938,13.107650756835938,13.227767944335938,13.241439819335938,13.141830444335938,13.087142944335938,13.124252319335938,13.223861694335938,13.356674194335938,13.552963256835938,13.661361694335938,13.685775756835938,13.632064819335938,13.726791381835938,13.807846069335938,13.803939819335938,13.722885131835938,13.915267944335938,14.323471069335938,14.829330444335938,15.008041381835938,15.064682006835938,15.072494506835938,15.187728881835938,15.235580444335938,15.125228881835938,14.800033569335938,14.338119506835938,14.170150756835938,14.228744506835938,14.549057006835938,14.273666381835938,13.687728881835938,12.844955444335938,12.218002319335938,11.896713256835938,11.752182006835938,11.720932006835938
12.883041381835938,12.723861694335938,12.568588256835938,12.519760131835938,12.560775756835938,12.692611694335938,12.764877319335938,12.800033569335938,12.780502319335938,12.891830444335938,12.976791381835938,13.059799194335938,13.080307006835938,13.229721069335938,13.387924194335938,13.471908569335938,13.329330444335938,13.320541381835938,13.437728881835938,13.605697631835938,13.518783569335938,13.456283569335938,13.556869506835938,13.879135131835938,14.128158569335938,14.224838256835938,14.190658569335938,14.218002319335938,14.357650756835938,14.498275756835938,14.428939819335938,13.938705444335938,13.468002319335938,13.341049194335938,13.972885131835938,14.290267944335938,13.968978881835938,12.926010131835938,12.220932006835938,11.897689819335938,11.703353881835938,11.258041381835938,10.666244506835938
12.444564819335938,12.257064819335938,12.107650756835938,12.100814819335938,12.234603881835938,12.390853881835938,12.497299194335938,12.554916381835938,12.652572631835938,12.803939819335938,12.952377319335938,12.948471069335938,12.949447631835938,13.087142944335938,13.340072631835938,13.425033569335938,13.343002319335938,13.282455444335938,13.391830444335938,13.459213256835938,13.374252319335938,13.230697631835938,13.280502319335938,13.363510131835938,13.463119506835938,13.454330444335938,13.500228881835938,13.509017944335938,13.523666381835938,13.479721069335938,13.373275756835938,13.056869506835938,12.674057006835938,12.666244506835938,12.971908569335938,13.242416381835938,12.814682006835938,12.303939819335938,12.005111694335938,12.248275756835938,12.213119506835938,11.583236694335938,10.666244506835938
12.051986694335938,11.785385131835938,11.691635131835938,11.764877319335938,11.945541381835938,12.141830444335938,12.282455444335938,12.403549194335938,12.528549194335938,12.686752319335938,12.835189819335938,12.934799194335938,12.953353881835938,13.009994506835938,13.062728881835938,13.105697631835938,13.000228881835938,12.922103881835938,12.899642944335938,12.950424194335938,12.978744506835938,13.064682006835938,13.156478881835938,13.186752319335938,13.098861694335938,13.072494506835938,13.166244506835938,13.308822631835938,13.322494506835938,13.224838256835938,13.034408569335938,12.695541381835938,12.259017944335938,11.920150756835938,11.944564819335938,12.239486694335938,12.483627319335938,12.473861694335938,12.422103881835938,12.234603881835938,11.904525756835938,11.294174194335938,10.519760131835938
11.972885131835938,11.871322631835938,11.888900756835938,12.097885131835938,12.308822631835938,12.445541381835938,12.524642944335938,12.589096069335938,12.661361694335938,12.758041381835938,12.875228881835938,12.967025756835938,12.923080444335938,12.819564819335938,12.695541381835938,12.651596069335938,12.592025756835938,12.521713256835938,12.450424194335938,12.468978881835938,12.554916381835938,12.697494506835938,12.877182006835938,12.949447631835938,12.930892944335938,12.835189819335938,12.809799194335938,12.832260131835938,12.845932006835938,12.801010131835938,12.593978881835938,12.264877319335938,11.872299194335938,11.513900756835938,11.643783569335938,12.045150756835938,12.569564819335938,12.693588256835938,12.323471069335938,11.856674194335938,11.449447631835938,11.143783569335938,10.666244506835938
11.813705444335938,11.970932006835938,12.171127319335938,12.355697631835938,12.523666381835938,12.636947631835938,12.692611694335938,12.745346069335938,12.799057006835938,12.843002319335938,12.813705444335938,12.728744506835938,12.582260131835938,12.411361694335938,12.355697631835938,12.366439819335938,12.400619506835938,12.376205444335938,12.327377319335938,12.310775756835938,12.342025756835938,12.401596069335938,12.501205444335938,12.577377319335938,12.582260131835938,12.478744506835938,12.317611694335938,12.155502319335938,11.997299194335938,11.917221069335938,11.874252319335938,11.827377319335938,11.792221069335938,11.701400756835938,11.725814819335938,11.901596069335938,12.053939819335938,12.091049194335938,11.950424194335938,11.812728881835938,11.975814819335938,11.924057006835938,11.588119506835938
12.054916381835938,12.169174194335938,12.183822631835938,12.156478881835938,12.243392944335938,12.382064819335938,12.419174194335938,12.392807006835938,12.372299194335938,12.430892944335938,12.468002319335938,12.455307006835938,12.414291381835938,12.317611694335938,12.242416381835938,12.213119506835938,12.218978881835938,12.220932006835938,12.182846069335938,12.101791381835938,12.023666381835938,12.038314819335938,12.080307006835938,12.108627319335938,12.092025756835938,12.105697631835938,12.121322631835938,12.105697631835938,11.972885131835938,11.854721069335938,11.820541381835938,11.826400756835938,11.787338256835938,11.697494506835938,11.558822631835938,11.398666381835938,11.311752319335938,11.286361694335938,11.335189819335938,11.458236694335938,11.623275756835938,11.686752319335938,11.401596069335938
