DATA/wind10m.json
{"header": {"parameterCategory": 2, "parameterNumber": 3, "lo1": 5.498000144958496, "la1": 51.819000244140625, "dx": 0.2799997329711914, "dy": 0.18000030517578125, "nx": 60, "ny": 50, "refTime": "2024-03-28T06:00:00.000000000"}, "data":
[rows 0 to 18 of 50, columns 0 to 43 of 60]
3.047388792037964,2.0661861896514893,2.164422035217285,1.7194714546203613,1.3872032165527344,0.8989133834838867,0.39675474166870117,0.3690176010131836,0.8457503318786621,2.0488502979278564,1.8211743831634521,2.0523176193237305,1.3450193405151367,2.478776693344116,1.123122215270996,0.19219303131103516,1.601588249206543,2.7492141723632812,2.664268970489502,1.5438024997711182,1.2566070556640625,0.46494197845458984,0.7053308486938477,0.7740960121154785,2.346447229385376,2.649244785308838,4.264357566833496,4.455050468444824,4.017612457275391,3.354231357574463,3.3080027103424072,4.149941444396973,3.102285385131836,3.4033491611480713,3.6165788173675537,1.9985766410827637,6.063229084014893,3.350186347961426,3.8852827548980713,4.193859100341797,6.346957206726074,4.673480987548828,5.255961894989014,5.010372161865234
3.372144937515259,3.750063896179199,2.445261001586914,2.33546781539917,1.5715396404266357,0.9867477416992188,0.9746127128601074,0.8833107948303223,1.162994384765625,1.1468143463134766,1.4068503379821777,2.2314534187316895,2.7347676753997803,3.1381125450134277,1.5969655513763428,1.375068187713623,0.8549962043762207,0.7030191421508789,0.45627403259277344,2.0517396926879883,1.8269529342651367,1.583674669265747,2.7838857173919678,3.6125338077545166,3.5056300163269043,1.9766180515289307,2.741702079772949,2.660223960876465,3.139268159866333,3.668586015701294,3.8378982543945312,3.0901503562927246,1.9546594619750977,1.8633580207824707,2.5816352367401123,2.0130231380462646,2.9173707962036133,4.162654399871826,5.40389347076416,4.59835958480835,5.034064292907715,6.058606147766113,3.25195050239563,3.4287750720977783
2.1210825443267822,2.334890127182007,3.434553623199463,4.719709396362305,4.067885875701904,2.941640853881836,3.0681917667388916,3.120776653289795,2.244744300842285,2.7763733863830566,3.2242133617401123,2.251678466796875,2.7642383575439453,3.0635688304901123,3.3883249759674072,2.360893726348877,1.192464828491211,1.265275001525879,1.126589298248291,1.2092227935791016,0.42911481857299805,2.9063913822174072,2.099123954772949,2.215851306915283,3.734461784362793,4.454472541809082,4.028591632843018,2.170778274536133,3.573817253112793,3.1410017013549805,3.4224185943603516,2.259768486022949,1.9459917545318604,1.7813022136688232,1.7096478939056396,1.7275614738464355,4.143585205078125,2.9248828887939453,3.3594319820404053,6.211160659790039,5.1496357917785645,5.982906818389893,3.599821090698242,4.377617835998535
1.5316674709320068,3.088416814804077,3.580173969268799,4.126827239990234,4.365482807159424,4.145896911621094,2.8162455558776855,3.4385986328125,1.7506756782531738,2.9104363918304443,2.3741843700408936,3.0433437824249268,3.4813601970672607,2.652711868286133,3.252528429031372,2.2563014030456543,2.222785711288452,2.0898783206939697,1.824641466140747,1.4126286506652832,1.4571237564086914,1.3848915100097656,2.0130231380462646,2.3198657035827637,2.1592211723327637,2.9682223796844482,3.314937114715576,3.6529839038848877,3.416062116622925,2.960710048675537,2.295017957687378,2.489755868911743,2.036715269088745,1.4033832550048828,1.4854388236999512,2.9063913822174072,4.0210795402526855,2.065608263015747,3.1623826026916504,3.6003987789154053,4.938717842102051,4.597203731536865,7.161159038543701,5.465723991394043
3.6737866401672363,1.3617773056030273,2.1540205478668213,3.435709238052368,2.287505626678467,3.2028326988220215,2.077165365219116,2.8081555366516113,1.4941067695617676,2.1291725635528564,2.590881109237671,1.7090699672698975,2.449306011199951,2.3741843700408936,2.2245192527770996,2.3926758766174316,2.5538980960845947,2.0881447792053223,1.5305118560791016,0.44702816009521484,0.8786883354187012,2.3123536109924316,1.6726648807525635,2.7619271278381348,2.474153757095337,2.5671889781951904,2.8826992511749268,3.4663357734680176,3.8280749320983887,2.1285948753356934,2.149975538253784,2.8237578868865967,3.0069386959075928,2.3672499656677246,3.416640043258667,4.4336700439453125,1.8593130111694336,4.178834438323975,3.8315420150756836,6.758970260620117,4.588535785675049,4.721443176269531,5.9863739013671875,4.352191925048828
3.4594016075134277,4.639965057373047,4.3100080490112305,1.528200387954712,2.349914312362671,2.657912492752075,1.5241553783416748,2.17482328414917,1.4033832550048828,0.18757009506225586,1.1514372825622559,1.0092840194702148,1.94830322265625,2.350492238998413,3.4045050144195557,2.590881109237671,2.814512014389038,3.347296953201294,1.443833351135254,1.7552986145019531,2.587991714477539,2.500735282897949,1.586564064025879,1.532245397567749,2.7249441146850586,3.219590425491333,2.6983625888824463,3.204566240310669,3.260040521621704,2.894834280014038,1.2826108932495117,1.0555124282836914,1.6385712623596191,2.682182550430298,5.154258728027344,3.383124351501465,4.042459964752197,2.364360809326172,4.023390769958496,4.7624711990356445,7.2900214195251465,5.413716793060303,6.600636959075928,5.176217079162598
5.927432537078857,4.753803253173828,4.269558429718018,4.177101135253906,3.5171871185302734,2.989025115966797,1.4166736602783203,1.0335540771484375,1.7044470310211182,2.042494058609009,-0.1487431526184082,0.26038026809692383,3.2461719512939453,2.073120355606079,2.5671889781951904,2.2892391681671143,2.804110527038574,2.584524631500244,2.729567050933838,2.653867483139038,2.412322998046875,1.272787094116211,2.099123954772949,3.2438604831695557,3.2866220474243164,3.7645106315612793,3.1918532848358154,2.5637216567993164,2.2568793296813965,2.1690447330474854,2.876920700073242,2.5267388820648193,1.3305730819702148,3.9875636100769043,2.9566650390625,2.682182550430298,4.535372734069824,3.4906058311462402,4.553286552429199,3.9783177375793457,5.1207427978515625,5.626368522644043,5.567427158355713,7.395191669464111
4.530750274658203,3.280843496322632,3.95346999168396,3.6079111099243164,6.17128849029541,5.784701824188232,1.5923426151275635,2.6873834133148193,1.8980295658111572,0.8642416000366211,-1.027665138244629,0.47014284133911133,1.7529871463775635,3.8962621688842773,1.7373850345611572,2.726099729537964,2.6914284229278564,3.2715976238250732,2.5666110515594482,1.4941067695617676,2.6255526542663574,2.006666660308838,1.94830322265625,3.2351925373077393,4.201949119567871,3.9517364501953125,2.119926929473877,1.8766486644744873,1.2155795097351074,3.324760675430298,3.1369566917419434,2.3886308670043945,2.1118369102478027,2.0459611415863037,3.5281665325164795,3.3496084213256836,2.8237578868865967,3.8540782928466797,4.437137126922607,2.9433743953704834,3.38427996635437,6.909213066101074,4.2366204261779785,6.444615364074707
4.395531177520752,3.128866672515869,3.7910919189453125,3.2681305408477783,4.916759014129639,3.233458995819092,3.5351009368896484,4.746869087219238,2.0736982822418213,0.6856837272644043,2.565455436706543,1.7350735664367676,1.528778314590454,2.474731683731079,1.7495200634002686,3.661651611328125,2.1407296657562256,2.1904256343841553,2.634798288345337,2.1228160858154297,0.9971489906311035,1.8893616199493408,3.504474401473999,3.3230271339416504,2.0118675231933594,2.653867483139038,2.832425594329834,2.6850719451904297,2.2054498195648193,2.521538019180298,2.19620418548584,2.3736064434051514,2.340090751647949,2.7584598064422607,3.1514031887054443,3.2039883136749268,3.1190431118011475,2.7861969470977783,1.5986990928649902,3.424730062484741,2.8266470432281494,4.808121681213379,5.436830997467041,8.396041870117188
2.719165563583374,2.7393906116485596,3.387169361114502,3.008094549179077,3.7552647590637207,2.7833077907562256,3.5645716190338135,3.6818766593933105,2.9953815937042236,2.798909902572632,3.6743645668029785,1.1063642501831055,1.8402435779571533,1.2531399726867676,2.3591599464416504,1.6374156475067139,1.5877196788787842,2.445838689804077,1.9639053344726562,2.0852553844451904,1.2196245193481445,2.2424328327178955,2.3741843700408936,2.357426404953003,2.857273578643799,2.0736982822418213,1.506241798400879,1.3918261528015137,2.3920979499816895,2.3441357612609863,3.0416102409362793,2.8422491550445557,3.3929479122161865,2.170778274536133,2.959554433822632,2.7833077907562256,2.142463445663452,3.4582457542419434,2.5758566856384277,1.8697144985198975,3.832697868347168,4.701218128204346,5.180262088775635,5.373844623565674
3.0069386959075928,4.2475996017456055,2.949152946472168,2.9693779945373535,3.7656660079956055,2.971689462661743,3.832119941711426,2.981513023376465,2.263235569000244,-1.2432060241699219,0.5614442825317383,1.0110177993774414,1.7027134895324707,1.4906396865844727,0.33087873458862305,0.4990353584289551,1.846022367477417,1.6212356090545654,1.0578241348266602,2.347025156021118,1.8697144985198975,2.5972375869750977,3.3964149951934814,2.920837879180908,2.6220853328704834,2.4146344661712646,2.9110143184661865,1.9899089336395264,2.6914284229278564,3.9453799724578857,2.1176154613494873,2.9838244915008545,3.241549015045166,2.7688612937927246,2.623818874359131,3.014451026916504,3.7408182621002197,2.482243776321411,1.743741512298584,1.6426162719726562,1.1785964965820312,3.881237745285034,5.161192893981934,5.513686180114746
5.216667175292969,3.624091148376465,3.6235132217407227,3.1040189266204834,3.6888110637664795,5.457056045532227,5.667974472045898,1.6143012046813965,-0.9323186874389648,0.9122037887573242,5.65872859954834,3.023118734359741,3.7171261310577393,1.94830322265625,0.14249706268310547,2.0962347984313965,1.6137232780456543,1.948880910873413,1.6010105609893799,2.247633457183838,2.1592211723327637,1.8356208801269531,1.2895450592041016,1.970261812210083,2.544074535369873,1.619502067565918,1.576162576675415,1.7056028842926025,2.3585822582244873,3.8540782928466797,2.97804594039917,2.1106810569763184,2.8676750659942627,4.038992881774902,3.3993043899536133,3.869680643081665,1.824641466140747,3.1045968532562256,2.0384490489959717,1.4946846961975098,0.40600061416625977,4.90057897567749,5.462256908416748,7.27210807800293
4.3897528648376465,4.017612457275391,4.16843318939209,4.04534912109375,5.269830226898193,4.398998260498047,1.9771959781646729,2.3372013568878174,5.009794235229492,3.1340675354003906,4.808121681213379,3.043921709060669,2.3510701656341553,1.2918567657470703,1.7651221752166748,1.6403048038482666,2.949152946472168,3.92746639251709,1.477348804473877,2.959554433822632,2.723210573196411,1.9581267833709717,1.4756155014038086,1.3247942924499512,2.1736676692962646,1.696357011795044,1.4392104148864746,2.8705642223358154,2.503046751022339,2.3308451175689697,1.7818801403045654,2.1996712684631348,2.5458080768585205,2.488600254058838,2.741702079772949,2.2216298580169678,2.1655776500701904,2.0563626289367676,1.557671070098877,1.4935288429260254,1.744319200515747,3.891639232635498,8.330743789672852,5.409671783447266
5.094161510467529,6.101945877075195,4.9780120849609375,4.720287322998047,2.9948036670684814,3.573817253112793,2.854962110519409,2.8301143646240234,3.950580596923828,3.621201753616333,4.4920334815979,3.931511402130127,0.6094064712524414,1.769745111465454,1.3513760566711426,2.024580240249634,3.3120477199554443,3.0866830348968506,2.4354372024536133,2.134373426437378,2.5342509746551514,2.6804490089416504,1.5784740447998047,1.316704273223877,1.7905478477478027,2.1361069679260254,2.905235767364502,2.8116228580474854,1.5518925189971924,0.9000687599182129,0.6781716346740723,1.6102561950683594,1.9610159397125244,2.2603464126586914,2.3262221813201904,1.5663390159606934,1.4380545616149902,1.382002353668213,1.528200387954712,2.48917818069458,3.0820603370666504,4.048816680908203,8.386795997619629,9.012616157531738
4.555019855499268,5.075092315673828,4.314631462097168,4.586224555969238,5.544890403747559,4.87688684463501,4.1383843421936035,4.075397968292236,3.818251132965088,3.6333365440368652,1.4634804725646973,1.7391185760498047,1.2710537910461426,1.1242775917053223,0.6833720207214355,1.86798095703125,2.5816352367401123,2.7313005924224854,2.0679197311401367,2.0708088874816895,1.805572271347046,1.831575870513916,1.9211437702178955,1.4403657913208008,1.4126286506652832,2.073120355606079,2.660223960876465,2.689116954803467,-0.31574392318725586,-0.04588460922241211,0.3516817092895508,1.1757068634033203,2.0378711223602295,2.350492238998413,1.363511085510254,2.086411237716675,1.499307632446289,1.754720687866211,2.5059359073638916,2.44179368019104,2.9046578407287598,3.643738269805908,6.150485515594482,9.939499855041504
4.430780410766602,4.812744617462158,4.481054306030273,5.4969282150268555,5.480748176574707,5.217823028564453,5.051400184631348,3.0086722373962402,2.8480279445648193,2.725522041320801,0.878110408782959,2.460285186767578,3.786468982696533,3.84714412689209,4.434825897216797,1.0006160736083984,0.9081587791442871,1.667464256286621,2.1245498657226562,2.3447136878967285,3.1080639362335205,2.858429193496704,2.511136770248413,1.5299339294433594,1.8847386837005615,2.8751871585845947,3.1548702716827393,3.599821090698242,4.288627624511719,-0.5249285697937012,0.12631702423095703,1.8546900749206543,1.644927740097046,1.9292337894439697,3.047388792037964,0.5441083908081055,0.7550263404846191,1.583096981048584,2.094501256942749,2.3036856651306152,2.8850107192993164,3.734461784362793,3.3704113960266113,7.623445510864258
5.088960647583008,4.632452964782715,5.080870628356934,5.213778018951416,5.87138032913208,4.749180316925049,5.078559398651123,2.456818103790283,2.240121364593506,-0.3278789520263672,-0.8907127380371094,2.006666660308838,1.9188323020935059,0.7388463020324707,0.421602725982666,2.5718116760253906,0.3112316131591797,1.9286558628082275,1.3611993789672852,1.5929205417633057,1.5472698211669922,1.0196852684020996,1.1109871864318848,1.0844054222106934,1.6836442947387695,1.0872950553894043,1.5403354167938232,1.6900005340576172,1.1329455375671387,2.152864694595337,2.744591236114502,0.421602725982666,2.959554433822632,1.854112148284912,1.3086142539978027,0.8925566673278809,1.0734262466430664,1.4692587852478027,1.583096981048584,2.6625354290008545,3.296445608139038,3.974850654602051,3.1450467109680176,6.845070838928223
4.338901042938232,4.184613227844238,4.685038089752197,4.709886074066162,6.077675819396973,4.925426959991455,4.43771505355835,4.290938854217529,3.992764472961426,1.2080669403076172,2.4111673831939697,2.4729981422424316,2.38747501373291,2.03324818611145,1.134101390838623,0.1141819953918457,2.0661861896514893,0.6972408294677734,2.134373426437378,1.718315601348877,0.45049524307250977,0.5354404449462891,1.0011940002441406,1.9477252960205078,1.6171905994415283,2.2123842239379883,1.9679503440856934,1.024308204650879,0.750981330871582,0.5071253776550293,2.864785671234131,3.189541816711426,2.931239366531372,1.6131455898284912,0.7168879508972168,1.00581693649292,0.8665533065795898,0.7134208679199219,2.8884778022766113,3.785313367843628,2.5816352367401123,3.9043521881103516,3.46460223197937,4.672903060913086
4.5324835777282715,4.222751617431641,5.055445194244385,6.734122276306152,4.679837226867676,5.474969863891602,4.195014476776123,4.780384540557861,2.942796468734741,3.5125644207000732,2.3851637840270996,0.6752820014953613,1.3502202033996582,-0.7300682067871094,2.4134786128997803,2.409433603286743,0.5654892921447754,0.5342850685119629,0.11244869232177734,1.8373544216156006,1.883005142211914,2.9578208923339844,2.7509477138519287,2.6151511669158936,1.0410661697387695,1.3623552322387695,1.8506450653076172,0.6666145324707031,-0.00023365020751953125,0.706486701965332,0.47707700729370117,1.977773904800415,3.288933515548706,3.073392391204834,1.6905784606933594,0.5602884292602539,0.45049524307250977,1.5559375286102295,2.8994572162628174,1.9199881553649902,2.345869302749634,2.0673418045043945,1.583096981048584,2.7711727619171143
