DATA/wind10m.json
{"header": {"parameterCategory": 2, "parameterNumber": 3, "lo1": 5.498000144958496, "la1": 51.819000244140625, "dx": 0.559999942779541, "dy": 0.3600006103515625, "nx": 30, "ny": 25, "refTime": "2024-03-28T09:00:00.000000000"}, "data":
[rows 0 to 24 of 25, columns 0 to 29 of 30]
3.3043947219848633,2.946970224380493,5.1332268714904785,5.294849872589111,7.034470558166504,6.4864583015441895,5.1957902908325195,4.58057975769043,3.9792723655700684,4.766533374786377,3.2209763526916504,4.544084548950195,3.859358787536621,4.632716655731201,2.982306957244873,2.606924295425415,2.927274227142334,2.8096773624420166,2.039795160293579,1.9430532455444336,1.5103201866149902,1.1459441184997559,5.9598798751831055,6.599999904632568,4.499478816986084,4.550456523895264,4.873123645782471,4.716135025024414,6.77552604675293,6.853151321411133
3.055877447128296,3.380282163619995,4.577104091644287,6.37697172164917,7.555835723876953,4.692383766174316,3.7718851566314697,5.863717079162598,3.839662551879883,3.3698549270629883,2.7899813652038574,3.9265565872192383,5.329028129577637,4.931053161621094,4.083545684814453,2.9458115100860596,1.452970027923584,1.8324079513549805,1.704963207244873,1.523643970489502,1.6429786682128906,2.7042458057403564,3.2615268230438232,4.918308734893799,6.269802093505859,6.1510467529296875,4.07659387588501,6.017230033874512,7.207679748535156,5.89094352722168
5.061973571777344,6.1562604904174805,3.912074565887451,3.6670329570770264,4.435756683349609,4.12930965423584,4.610703468322754,5.119903087615967,4.101503372192383,3.7116384506225586,4.694701194763184,4.517436981201172,4.866171836853027,4.172756671905518,4.632137298583984,2.334656000137329,3.277167797088623,4.015768051147461,1.9389979839324951,1.0051755905151367,0.3326148986816406,3.446321725845337,3.595200538635254,6.779001712799072,5.151763916015625,6.432583808898926,4.303677558898926,5.021422863006592,5.396805763244629,6.9672722816467285
6.873426914215088,3.632275104522705,5.258354187011719,4.373771667480469,4.247485637664795,3.315401315689087,6.348586082458496,5.273995399475098,5.053863525390625,3.942777156829834,3.8709444999694824,2.818366765975952,4.783332824707031,4.085283279418945,3.0396571159362793,5.2716779708862305,3.419095039367676,3.774202346801758,3.0292298793792725,4.735251426696777,3.5627598762512207,2.9985272884368896,2.8629724979400635,6.331786632537842,3.720327854156494,4.385357856750488,5.394488334655762,6.138302326202393,4.1252546310424805,5.4935479164123535
4.380723476409912,3.0923728942871094,4.747995853424072,3.635171890258789,2.437770366668701,4.68774938583374,8.207541465759277,5.757706165313721,2.8907785415649414,4.456031799316406,2.427922487258911,3.292229413986206,3.1022210121154785,3.106276035308838,1.420529842376709,4.24053430557251,3.383758068084717,2.6735432147979736,1.9841830730438232,3.623006582260132,4.036622524261475,2.3862133026123047,1.98476243019104,6.208396911621094,7.661267280578613,4.964652061462402,5.790146350860596,6.911080837249756,8.464168548583984,3.393026828765869
3.1103310585021973,3.2939674854278564,6.170742988586426,3.874999523162842,3.13118577003479,4.224313735961914,4.454293727874756,2.7726025581359863,3.9943342208862305,3.5986762046813965,3.4405288696289062,4.665736198425293,3.7504513263702393,4.3772478103637695,2.6990320682525635,1.3515934944152832,1.9233570098876953,2.438349723815918,3.0164854526519775,1.5433399677276611,1.6922187805175781,2.4470391273498535,5.322656154632568,6.124978542327881,6.721072196960449,7.174659729003906,5.5891313552856445,5.8944196701049805,5.326131820678711,6.959741592407227
5.014471530914307,4.446183681488037,5.008678436279297,5.295429229736328,6.10933780670166,5.910060405731201,4.372034072875977,2.9591352939605713,5.448942184448242,3.7394447326660156,3.7162728309631348,2.6810741424560547,3.0512430667877197,2.196204662322998,2.6515300273895264,2.690342664718628,3.55696702003479,3.4955618381500244,3.0802078247070312,2.6833913326263428,3.3669583797454834,4.461245536804199,3.700632095336914,5.991740703582764,5.598400115966797,5.925701141357422,3.6293787956237793,3.511782169342041,4.888764381408691,7.404639720916748
4.731196403503418,3.6635570526123047,4.306573867797852,3.368117094039917,3.511782169342041,4.632716655731201,2.3392903804779053,2.601710796356201,5.816793918609619,2.811415195465088,3.3895509243011475,3.0877387523651123,2.2657201290130615,3.595200538635254,1.3290014266967773,1.2733888626098633,3.794477701187134,3.3055531978607178,2.9382808208465576,4.307153224945068,3.4243085384368896,6.1759562492370605,3.6618192195892334,4.47109317779541,4.7700090408325195,5.901371002197266,2.140592575073242,4.926998138427734,2.902364492416382,4.627502918243408
5.008678436279297,4.17623233795166,4.955962657928467,4.483838081359863,4.057476997375488,6.183487415313721,3.587669610977173,3.6137378215789795,2.5536293983459473,3.008375406265259,1.7524652481079102,1.6302342414855957,2.7847676277160645,3.1172826290130615,1.9691214561462402,3.45153546333313,3.0419743061065674,2.1098899841308594,2.9487080574035645,3.1931703090667725,4.02387809753418,3.4706521034240723,3.1172826290130615,3.61953067779541,4.490210056304932,8.469962120056152,4.886447429656982,6.849096298217773,4.497161865234375,4.81866979598999
4.327428340911865,5.3649444580078125,4.666894912719727,5.155819416046143,6.967851638793945,4.124675273895264,5.506292343139648,2.7720232009887695,0.18141937255859375,-1.6114964485168457,-0.025968074798583984,3.0692012310028076,2.826476812362671,2.4673144817352295,0.9466671943664551,1.8271942138671875,3.386075258255005,2.005037546157837,1.8735377788543701,4.014030456542969,3.7933192253112793,2.4140193462371826,5.961617469787598,3.727858781814575,2.5281403064727783,2.5055477619171143,3.872103214263916,3.450956106185913,5.746699333190918,7.296311378479004
3.771306037902832,5.6673359870910645,4.76595401763916,4.231844902038574,7.318903923034668,3.5888280868530273,3.4602248668670654,2.7140939235687256,0.6332688331604004,-0.9945483207702637,0.672081470489502,1.9337844848632812,2.5374090671539307,0.8968477249145508,1.906557559967041,0.12638616561889648,0.0586090087890625,0.14781999588012695,0.4710664749145508,1.5624568462371826,0.32913923263549805,3.3617448806762695,3.8877439498901367,4.18376350402832,3.4926652908325195,3.4897689819335938,3.529160976409912,3.402874708175659,5.310490608215332,7.734837532043457
4.499478816986084,4.925260066986084,3.6791982650756836,5.1656670570373535,4.368558406829834,2.558842897415161,2.5275609493255615,3.0014238357543945,1.1413097381591797,0.9449291229248047,-0.2565274238586426,1.9650661945343018,3.3368351459503174,-1.4805760383605957,1.062525749206543,2.3155393600463867,2.3949027061462402,2.839221477508545,2.732631206512451,2.214162826538086,3.944514751434326,4.45139741897583,6.720493316650391,5.071242332458496,2.931908369064331,3.353055477142334,4.045891284942627,6.370019912719727,7.989727020263672,8.31818675994873
6.003326892852783,4.002444267272949,3.675143003463745,3.6212687492370605,1.8214013576507568,2.4800589084625244,3.1294479370117188,1.5172717571258545,-0.11691713333129883,1.039933204650879,-0.7159075736999512,2.9237983226776123,-0.23972749710083008,3.206493854522705,3.14103364944458,4.148426532745361,2.6051864624023438,3.0500845909118652,2.085559606552124,3.8558828830718994,5.004044055938721,7.629405975341797,7.371619701385498,4.05284309387207,4.6773223876953125,5.088621139526367,6.0554633140563965,6.665460109710693,8.36163330078125,4.64661979675293
5.220120906829834,4.1177239418029785,3.7973742485046387,2.911633253097534,2.065863609313965,1.4448599815368652,1.7240798473358154,2.039795160293579,-1.1683363914489746,-1.613813877105713,1.6835293769836426,4.45719051361084,8.233610153198242,8.258519172668457,8.369743347167969,2.6810741424560547,6.6399712562561035,1.344642162322998,2.4928033351898193,4.1368408203125,8.05286979675293,8.669239044189453,4.710921287536621,7.069228172302246,7.2951531410217285,4.960017681121826,7.425494194030762,7.62882661819458,7.369882106781006,8.112537384033203
5.3371381759643555,5.083407402038574,0.4200882911682129,5.097310543060303,3.1120688915252686,2.2749886512756348,0.6153106689453125,-0.3335733413696289,4.5863728523254395,2.8855650424957275,2.481217622756958,-0.3816547393798828,2.183460235595703,0.9310259819030762,2.7951951026916504,3.035022735595703,2.0936696529388428,3.6942596435546875,4.571890830993652,5.655170917510986,5.103682518005371,6.254161357879639,5.8561859130859375,6.6828389167785645,6.572772979736328,7.187404155731201,6.894860744476318,7.305580139160156,7.3328070640563965,7.4666242599487305
3.5204715728759766,2.582014799118042,1.9725971221923828,3.1474058628082275,1.68990159034729,5.532360553741455,1.3133602142333984,4.0273542404174805,3.075573444366455,2.123792886734009,1.3788204193115234,-0.8560967445373535,2.1324822902679443,-0.3967165946960449,3.6936802864074707,5.73453426361084,5.587972640991211,3.0159060955047607,6.2495269775390625,5.22475528717041,5.856765270233154,6.918032646179199,6.075738430023193,3.8153324127197266,6.330048561096191,5.940762996673584,7.532663345336914,7.610289096832275,6.656191349029541,6.794063568115234
3.833869695663452,4.315263271331787,2.6793360710144043,0.15129613876342773,3.4799208641052246,1.0463056564331055,1.125669002532959,1.1853361129760742,2.1093106269836426,1.876434326171875,-0.5832490921020508,1.0515193939208984,1.992293119430542,0.9107508659362793,0.7746167182922363,0.8632488250732422,2.2379138469696045,2.442984104156494,4.384199142456055,4.947273254394531,5.356834411621094,4.500637531280518,6.082690238952637,5.622150897979736,4.564939022064209,7.1312127113342285,7.066911220550537,6.282546520233154,6.1562604904174805,3.7099008560180664
2.400116205215454,3.2360379695892334,0.06556034088134766,0.8730964660644531,0.29380226135253906,0.7780923843383789,0.6425375938415527,-0.520106315612793,-1.0826010704040527,0.09336662292480469,2.3607242107391357,-3.7734227180480957,-1.4029507637023926,-0.14298582077026367,7.682121276855469,3.459066152572632,3.8298144340515137,5.585655689239502,4.269498825073242,4.628661632537842,4.055739402770996,5.581021308898926,4.105558395385742,5.417080879211426,6.418680667877197,6.639391899108887,6.427370071411133,5.440832138061523,6.157419204711914,4.461824417114258
1.8277735710144043,2.3207530975341797,4.303098201751709,2.9429149627685547,-0.5913591384887695,0.9906930923461914,-0.5264782905578613,-1.779491901397705,-4.319118022918701,-2.8627724647521973,-1.8872408866882324,-1.9017229080200195,1.097862720489502,7.956707000732422,11.09937858581543,2.248920440673828,5.5613250732421875,6.072262763977051,3.7707266807556152,5.297746181488037,4.305415153503418,3.4167778491973877,5.616358280181885,6.920349597930908,7.062276840209961,6.004485130310059,4.899771213531494,5.688769817352295,6.399563789367676,2.478321075439453
1.5595602989196777,2.8450143337249756,2.4592044353485107,1.5584018230438232,0.8551383018493652,1.1905498504638672,2.22111439704895,-0.30750513076782227,0.36042118072509766,-0.9279294013977051,-0.4320535659790039,2.430239677429199,1.93204665184021,8.175101280212402,10.71646499633789,5.385219573974609,4.446763038635254,4.376089096069336,5.481382846832275,3.9039642810821533,4.500637531280518,4.217362403869629,4.702811241149902,5.9795756340026855,5.640109062194824,5.165087699890137,4.469355583190918,4.965231418609619,3.859937906265259,1.8781721591949463
1.3568072319030762,2.1846189498901367,3.766092300415039,2.665433168411255,0.44210147857666016,-0.18353605270385742,2.364779472351074,5.023740291595459,4.732934474945068,2.174191474914551,4.398681640625,0.8441319465637207,5.4605278968811035,13.166879653930664,10.465630531311035,9.747305870056152,9.895025253295898,6.791746139526367,4.891081809997559,6.557711601257324,3.4602248668670654,5.8538689613342285,3.851827621459961,4.932211875915527,4.011133670806885,4.016347408294678,5.178411483764648,3.9057021141052246,4.1831841468811035,1.8347251415252686
-1.2332172393798828,1.238631248474121,-0.14588212966918945,6.820131778717041,-1.021195888519287,-2.5870280265808105,-0.17542600631713867,9.359758377075195,5.674866676330566,6.852572441101074,5.086883068084717,4.996513366699219,6.685735702514648,11.111543655395508,9.44723129272461,9.121667861938477,8.895743370056152,10.578014373779297,2.775499105453491,6.186963081359863,6.7129621505737305,6.127874851226807,4.313525199890137,4.34596586227417,3.707583427429199,5.5010786056518555,4.483838081359863,3.577242374420166,4.245168685913086,1.4286398887634277
0.1727299690246582,0.5533261299133301,0.7780923843383789,-0.4986724853515625,1.1766467094421387,3.282381534576416,12.306048393249512,13.626260757446289,11.620163917541504,0.4542670249938965,0.7885198593139648,6.659088134765625,9.46461009979248,6.096592903137207,8.120647430419922,10.448831558227539,8.908487319946289,6.377551078796387,4.688908100128174,6.540332794189453,5.028374671936035,5.420556545257568,6.520636558532715,4.7022318840026855,4.144950866699219,6.58783483505249,2.579118251800537,3.0292298793792725,2.624303102493286,2.0815043449401855
0.026168346405029297,-0.7848434448242188,0.9738936424255371,-3.8220839500427246,9.92746639251709,11.243622779846191,12.476940155029297,12.995987892150879,10.064180374145508,6.660825729370117,6.968430995941162,2.682232618331909,5.660384654998779,8.680825233459473,4.282243728637695,11.199596405029297,10.028263092041016,10.003353118896484,9.910666465759277,4.383040428161621,4.774064064025879,5.211431503295898,5.874723434448242,5.384640693664551,2.7447965145111084,2.9058401584625244,2.867027521133423,3.9508872032165527,4.433439254760742,4.329745292663574
-1.8640689849853516,-0.39381980895996094,-0.32372522354125977,5.081669807434082,10.31385612487793,12.049421310424805,13.475643157958984,11.565131187438965,8.705734252929688,7.278353691101074,5.231706619262695,6.998554229736328,4.786808967590332,9.900818824768066,4.702811241149902,9.911245346069336,9.46113395690918,12.330958366394043,11.1793212890625,8.189003944396973,3.221555709838867,3.531477928161621,5.378847599029541,5.223596572875977,7.911521911621094,1.6806328296661377,3.302656888961792,1.4019923210144043,1.8880202770233154,5.9952168464660645
