DATA/wind10m.json
{"header": {"parameterCategory": 2, "parameterNumber": 3, "lo1": 5.498000144958496, "la1": 51.819000244140625, "dx": 0.559999942779541, "dy": 0.3600006103515625, "nx": 30, "ny": 25, "refTime": "2024-04-02T01:00:00.000000000"}, "data":
[rows 0 to 24 of 25, columns 0 to 29 of 30]
2.77605938911438,2.14916729927063,2.151137351989746,1.8686221837997437,1.8508912324905396,1.7283495664596558,1.118006706237793,2.384005546569824,1.6326018571853638,1.6672760248184204,1.1156425476074219,2.1271018981933594,2.4687206745147705,1.9564894437789917,2.7149856090545654,1.7791787385940552,1.7102245092391968,1.3674237728118896,0.6778819561004639,0.18732225894927979,-2.2709927558898926,-2.339946985244751,-0.6783482432365417,0.3011951744556427,0.11639794707298279,-0.22916099429130554,-1.8604199886322021,-3.1441497802734375,-2.060189962387085,2.3103229999542236
3.2488880157470703,3.1495940685272217,2.74493145942688,3.257556438446045,2.622390031814575,1.4103723764419556,1.2626134157180786,2.547525405883789,2.6680967807769775,1.6432405710220337,-0.2642291188240051,2.3414509296417236,3.032174825668335,3.316660165786743,2.1767489910125732,1.446622610092163,0.7622030973434448,0.6451780796051025,0.04901987314224243,-0.605059802532196,-1.581057071685791,-0.547532320022583,-0.6263370513916016,-0.20827773213386536,-0.5270431041717529,-2.052309513092041,-3.047219753265381,-0.21064189076423645,-0.7634574174880981,1.5561612844467163
3.9758620262145996,3.7512683868408203,2.353665828704834,1.5652238130569458,1.1983875036239624,0.542731761932373,1.7551432847976685,3.630697250366211,1.9651581048965454,2.389915943145752,1.7913933992385864,1.7937575578689575,3.475451707839966,2.6219959259033203,3.757572650909424,1.0636314153671265,0.46274498105049133,-0.4194745421409607,-0.4502084255218506,-1.1216251850128174,-0.5652633905410767,-0.04278770089149475,0.3078935444355011,0.5131800174713135,-1.6129729747772217,-2.9601404666900635,-3.266691207885742,-1.705568552017212,-1.8781510591506958,0.0316828191280365
5.58032751083374,3.3332090377807617,3.032174825668335,2.0979442596435547,1.9612177610397339,1.2582792043685913,3.6157243251800537,2.3958263397216797,2.936427116394043,1.3957935571670532,1.1160365343093872,1.5392181873321533,3.0881261825561523,3.4557504653930664,1.4257392883300781,0.07463142275810242,-1.1113804578781128,-1.6972941160202026,-0.05145622789859772,-0.9451024532318115,-2.0152711868286133,0.3484780490398407,0.09709078073501587,-0.07194547355175018,-0.7591231465339661,-2.9577763080596924,-4.008638381958008,-4.41172456741333,-0.8572350740432739,2.1404988765716553
3.7386598587036133,2.359182119369507,3.200029134750366,2.050267219543457,1.5514329671859741,2.009288787841797,3.490030527114868,1.7748445272445679,0.8922309875488281,1.5380361080169678,0.9828565120697021,1.8512850999832153,0.4812640845775604,0.32798877358436584,1.5541911125183105,1.720075249671936,-0.29614508152008057,-0.6558889150619507,-0.36943352222442627,0.7023115158081055,0.6806402206420898,0.21332785487174988,-1.3237594366073608,-0.9320995807647705,-2.119687557220459,-1.1807286739349365,-4.163883686065674,-6.314072132110596,1.7673579454421997,2.8391032218933105
2.8154616355895996,2.3189916610717773,2.661792516708374,2.125131845474243,1.803214192390442,1.8867472410202026,2.423013925552368,1.2078441381454468,1.3894891738891602,1.1451942920684814,1.2444883584976196,0.9032636880874634,1.606202244758606,0.9667015075683594,0.05611228942871094,0.1191561222076416,-0.29614508152008057,-0.7740960121154785,-0.6267311573028564,-0.5684155821800232,-0.607029914855957,-1.081040620803833,-0.3721916675567627,-1.6074566841125488,-1.5739645957946777,-0.45375460386276245,-0.79813152551651,-2.241441011428833,-0.2350713610649109,6.115411758422852
3.1941187381744385,2.2078769207000732,3.6366076469421387,2.7532060146331787,3.1086153984069824,2.4557178020477295,1.8709863424301147,0.9942831993103027,3.171659231185913,1.6550612449645996,1.70746648311615,0.9489704370498657,1.2054799795150757,1.4103723764419556,0.5387915372848511,0.14634376764297485,-1.0593693256378174,-1.0183908939361572,-1.6389784812927246,-1.7930418252944946,-1.3820749521255493,-2.20479679107666,-1.4829450845718384,-0.14483989775180817,-1.556233525276184,-1.3375502824783325,-1.4510291814804077,-1.6393725872039795,-0.9183088541030884,4.508582592010498
2.8257062435150146,2.00653076171875,3.724081039428711,2.306777000427246,1.9285138845443726,3.0148377418518066,1.8812309503555298,1.695251703262329,1.569558024406433,0.398125022649765,1.0388078689575195,1.2381839752197266,0.7164963483810425,1.528579592704773,-0.41671639680862427,-0.6929271221160889,0.287404328584671,-0.476608008146286,-1.4238414764404297,-0.4687275290489197,-0.3107239603996277,0.33074697852134705,-0.3130880892276764,-2.811593532562256,-3.1855223178863525,-1.3009060621261597,-1.441178560256958,1.9821010828018188,0.3890624940395355,3.495940923690796
3.446294069290161,3.029022693634033,3.661036968231201,2.9186959266662598,1.4643536806106567,3.6239988803863525,1.6377241611480713,1.867440104484558,1.4411063194274902,0.7243767976760864,0.25667044520378113,1.5589194297790527,2.4836935997009277,-0.2776259481906891,-0.2189163863658905,1.2535508871078491,0.7322572469711304,-1.194913625717163,-1.6559215784072876,-1.2674139738082886,-1.0518828630447388,-0.25083231925964355,-2.9156157970428467,-2.9498958587646484,-1.3797107934951782,3.4395956993103027,3.1551103591918945,2.483299493789673,2.4612343311309814,3.16693115234375
3.120042324066162,3.040055274963379,2.8363449573516846,2.363516330718994,3.2890784740448,1.8792608976364136,1.8646818399429321,2.3757309913635254,0.7625970840454102,2.0932159423828125,2.3284482955932617,1.916693091392517,2.353665828704834,1.5924113988876343,0.5711015462875366,0.4832341969013214,-0.5672335028648376,-1.2819929122924805,-1.4407845735549927,-0.9908092021942139,-1.5444128513336182,-1.0739482641220093,-2.9317708015441895,-2.384077548980713,-1.962866187095642,-0.10937774181365967,-0.31702834367752075,-0.26462316513061523,6.497220993041992,2.571560859680176
2.6653385162353516,3.7812142372131348,2.74493145942688,1.4509568214416504,4.060577392578125,1.6542731523513794,2.0991263389587402,1.244882345199585,2.900570869445801,2.0471150875091553,2.583775758743286,1.4367719888687134,0.9336035251617432,0.7826923131942749,0.8323392868041992,0.27124932408332825,-0.9679558277130127,-0.34303390979766846,1.5656177997589111,-0.4415398836135864,-1.2244653701782227,-1.936072587966919,-3.5117740631103516,-2.925466537475586,1.0896369218826294,1.5337018966674805,1.794939637184143,2.638939142227173,1.7165290117263794,7.998846530914307
3.0617265701293945,2.793790340423584,2.2638282775878906,2.72444224357605,3.2453417778015137,1.3079261779785156,0.838249683380127,2.9738593101501465,2.4970903396606445,1.9899815320968628,1.033685564994812,1.5604954957962036,1.5750744342803955,1.1093381643295288,-0.5585650205612183,-0.66416335105896,-1.6775928735733032,-0.42105063796043396,-1.1484187841415405,-3.516108274459839,-3.3072755336761475,-3.0846521854400635,-4.25687313079834,-3.8380258083343506,-1.3068163394927979,-0.5467442870140076,-0.7374517917633057,5.559443950653076,8.366864204406738,9.741613388061523
3.669705629348755,2.6007187366485596,2.166504383087158,2.1787190437316895,1.7890294790267944,2.3166275024414062,2.022291660308838,2.398190498352051,2.073514699935913,0.16840910911560059,-0.2803841233253479,-0.7622753381729126,0.9509404897689819,-1.808802843093872,-1.6661661863327026,-1.2189490795135498,-1.8379606008529663,-3.9629313945770264,-4.115418910980225,-1.6330682039260864,-2.3068490028381348,-3.064950942993164,-1.6685303449630737,-1.278052568435669,-2.202826738357544,0.5774059295654297,-2.4865238666534424,7.237986087799072,9.166337966918945,5.373465061187744
3.3229644298553467,2.987650156021118,1.4084023237228394,1.9493972063064575,2.8060052394866943,-0.916732668876648,1.606202244758606,1.7492328882217407,-0.5715677738189697,0.840613842010498,0.7070397138595581,-0.36943352222442627,-1.800134301185608,-2.9034011363983154,-1.6310980319976807,-0.8091641664505005,-1.2815988063812256,-1.7024164199829102,-0.539257824420929,1.3449643850326538,1.8981739282608032,-1.9396188259124756,-2.3052728176116943,-3.987360954284668,-2.785193920135498,-1.9802032709121704,0.893807053565979,9.007941246032715,9.933109283447266,9.077288627624512
3.234309196472168,3.0897023677825928,3.9293670654296875,4.242616176605225,0.9812803268432617,2.0546016693115234,-1.8525395393371582,0.30434736609458923,-1.5388964414596558,-1.6062746047973633,0.7019174098968506,-0.8154685497283936,0.7488062381744385,1.4678999185562134,0.2724314033985138,-0.7701557874679565,0.11166965961456299,-0.08573630452156067,0.5431258678436279,0.5186963081359863,-0.7870988845825195,-4.532690048217773,-1.3438546657562256,-3.1926145553588867,-1.4313279390335083,-2.606701135635376,-2.0408828258514404,8.50043773651123,9.502440452575684,10.26802921295166
2.0337183475494385,1.1794743537902832,5.144536972045898,1.6215691566467285,-0.5802363157272339,1.766964077949524,-0.7930091619491577,-2.3360066413879395,-1.3927135467529297,0.32404854893684387,-1.7784630060195923,-0.1787259429693222,-0.9005777835845947,-1.3190311193466187,0.4363453686237335,0.21766206622123718,0.3764537274837494,-0.9210669994354248,1.1731699705123901,0.5584927797317505,-1.4187191724777222,-4.154820919036865,-2.4758851528167725,-0.3918928802013397,-0.32175663113594055,-1.1917613744735718,4.44120454788208,7.886549472808838,8.715575218200684,9.601341247558594
2.278801202774048,2.166504383087158,0.5667672157287598,0.36542102694511414,0.5880445241928101,-0.5569888949394226,-3.0818939208984375,-1.5893315076828003,-3.958991050720215,-1.2729302644729614,0.3390214741230011,-0.2784139811992645,0.96748948097229,-1.2674139738082886,-0.2614709734916687,1.9990440607070923,0.6132620573043823,-0.582600474357605,2.545161247253418,0.9560627937316895,-0.10228531062602997,-0.8891509771347046,1.3942173719406128,2.011652946472168,1.9596418142318726,0.9623671770095825,3.109797477722168,2.4584760665893555,6.989750862121582,5.523588180541992
-0.33791160583496094,1.3922473192214966,0.12191429734230042,0.16249874234199524,-1.6775928735733032,-0.40647175908088684,-1.4041403532028198,-1.4175370931625366,-1.5625379085540771,-1.0518828630447388,-1.1086223125457764,-1.7229056358337402,-0.8643275499343872,-1.574752688407898,-2.844297409057617,-1.1555111408233643,-2.754065990447998,-0.05145622789859772,-1.305240273475647,1.2634015083312988,0.8563748598098755,1.632995843887329,0.8831684589385986,1.3059561252593994,0.8276110887527466,0.37763580679893494,1.5821667909622192,0.23657521605491638,7.732092380523682,8.470098495483398
-0.9557410478591919,1.7011619806289673,1.2547329664230347,-2.0302441120147705,-1.5314099788665771,0.8035756349563599,0.6400556564331055,-1.0491247177124023,-0.7571530342102051,-2.163424253463745,1.4422882795333862,2.363516330718994,2.045539140701294,-3.0149099826812744,-3.178823709487915,-0.6223968267440796,6.1701812744140625,1.8181871175765991,1.3930352926254272,1.5597074031829834,0.28779837489128113,0.25076010823249817,2.206300735473633,1.3626954555511475,2.775271415710449,3.0979769229888916,1.5656177997589111,-0.6988375186920166,8.372774124145508,5.6311564445495605
-0.19212275743484497,0.6526644229888916,-0.9612574577331543,-1.9246459007263184,-1.7122669219970703,-0.7965553998947144,1.1483465433120728,2.8280704021453857,1.3548150062561035,-1.0514888763427734,0.3216843903064728,1.9667340517044067,1.7575074434280396,0.39379075169563293,-3.460944890975952,-0.3103299140930176,2.972677230834961,3.6527624130249023,1.0774222612380981,1.068359613418579,0.44619593024253845,3.1212241649627686,2.361546277999878,1.833948016166687,1.6995859146118164,1.8816250562667847,-0.7949793338775635,6.572479724884033,6.675714015960693,4.84035062789917
-0.9001836776733398,-1.6760168075561523,2.0802130699157715,-1.4585156440734863,2.915543794631958,1.7342599630355835,1.758689522743225,2.75557017326355,3.440777540206909,5.675681114196777,0.5281529426574707,2.2614641189575195,5.410502910614014,2.7669968605041504,3.838347911834717,3.3497581481933594,2.8852040767669678,3.557802677154541,2.814673662185669,2.8363449573516846,1.3158066272735596,3.9423699378967285,1.4919353723526,2.459658145904541,1.1912951469421387,-1.1523590087890625,-3.428241014480591,6.7399396896362305,5.682379722595215,3.811553955078125
-0.017176151275634766,-1.4135968685150146,-3.1311469078063965,1.9308780431747437,3.141319513320923,-0.5991494655609131,-1.7315741777420044,2.13852858543396,1.9103888273239136,4.749724864959717,3.3572444915771484,5.109862804412842,1.1014577150344849,1.595957636833191,1.0600851774215698,3.4246227741241455,5.256045818328857,5.483791351318359,-0.5916630029678345,1.6282676458358765,3.493182897567749,2.1625640392303467,2.4407451152801514,2.832404851913452,1.5628596544265747,3.7587547302246094,4.098797798156738,5.070066452026367,4.697713851928711,5.851809978485107
-0.9971135854721069,0.46274498105049133,-0.24413391947746277,-1.3797107934951782,-0.13892953097820282,8.186006546020508,9.53199291229248,7.884579181671143,1.8114887475967407,-0.4714857041835785,1.8276437520980835,3.4549624919891357,2.840285301208496,3.081033945083618,2.9738593101501465,2.164534330368042,4.1106181144714355,5.090949535369873,1.916693091392517,1.3650596141815186,0.9410899877548218,2.7405972480773926,2.400554656982422,1.9308780431747437,-0.9064880609512329,4.97392463684082,3.431321144104004,6.867603302001953,2.5309765338897705,5.276141166687012
-0.8919092416763306,-2.1338725090026855,1.2503987550735474,4.148838520050049,7.215526580810547,9.126148223876953,8.705330848693848,8.284907341003418,6.434571266174316,2.8292524814605713,1.960823893547058,0.010011494159698486,1.717711091041565,1.8103066682815552,2.7535998821258545,-0.03884747624397278,3.7347192764282227,5.924704074859619,6.018482208251953,-1.2595335245132446,-1.2102805376052856,0.10575929284095764,2.1085829734802246,1.6767325401306152,0.45801666378974915,4.3261494636535645,3.3083856105804443,4.4943976402282715,5.720600128173828,3.23903751373291
-2.937681198120117,-1.3950777053833008,0.3130158483982086,3.692164897918701,6.592968940734863,8.198616027832031,9.235686302185059,8.378684997558594,5.514919281005859,2.3024425506591797,0.7235887050628662,1.581772804260254,0.22987684607505798,3.0700011253356934,2.5412211418151855,3.700833320617676,5.912883758544922,6.613063812255859,5.565354347229004,3.036903142929077,0.7744178771972656,-1.044790506362915,-1.4045343399047852,1.036049723625183,6.814410209655762,3.5455880165100098,5.562202453613281,1.9821010828018188,4.336788177490234,6.057096481323242
