DATA/wind10m.json
{"header": {"parameterCategory": 2, "parameterNumber": 2, "lo1": 5.498000144958496, "la1": 51.819000244140625, "dx": 0.559999942779541, "dy": 0.3600006103515625, "nx": 30, "ny": 25, "refTime": "2024-04-02T01:00:00.000000000"}, "data":
[rows 0 to 24 of 25, columns 0 to 29 of 30]
2.848324775695801,2.390596866607666,2.29248046875,2.732006072998047,4.689004421234131,5.342965126037598,3.852574110031128,2.278717517852783,1.6260886192321777,3.8911991119384766,4.680569171905518,3.3668761253356934,2.342648506164551,4.770694255828857,4.318737506866455,4.339603900909424,4.25880241394043,5.622219562530518,5.427762508392334,3.7429146766662598,6.292162895202637,5.801137447357178,6.249986171722412,4.540719985961914,3.0725274085998535,4.121172904968262,5.953417778015137,3.7961907386779785,1.8547308444976807,-0.765995979309082
2.2112348079681396,3.1386780738830566,1.8804807662963867,3.433915138244629,4.970922470092773,3.5391347408294678,3.248781442642212,1.5404033660888672,3.336686611175537,5.2151031494140625,1.8946876525878906,4.979801654815674,3.54757022857666,4.3635783195495605,4.061681747436523,4.32228946685791,3.860121726989746,3.489854574203491,4.391103744506836,3.885871410369873,6.799614906311035,2.9482169151306152,3.052548885345459,3.0654239654541016,1.3130931854248047,5.620443344116211,3.2332427501678467,4.755155563354492,2.2942562103271484,-1.948275089263916
2.892277479171753,4.542052268981934,2.9739670753479004,1.935532569885254,3.4250357151031494,2.946885108947754,1.1528217792510986,2.4003639221191406,2.3351011276245117,5.268379211425781,3.8991904258728027,2.9824023246765137,4.934961318969727,3.1812987327575684,5.796697616577148,3.6834235191345215,4.058130264282227,5.329646110534668,6.56076192855835,7.521946430206299,7.11660623550415,4.5633625984191895,5.070370674133301,4.580677032470703,1.4915671348571777,3.881875991821289,2.398588180541992,3.9014103412628174,1.8254289627075195,1.8223214149475098
3.346897840499878,3.361992597579956,3.8441388607025146,1.9510712623596191,2.0971357822418213,2.456747531890869,2.8394455909729004,4.0838799476623535,3.175971269607544,3.034790277481079,4.158022403717041,2.6760663986206055,4.1202850341796875,3.943143129348755,3.9062938690185547,5.401124954223633,3.1715316772460938,2.209459066390991,2.455859661102295,4.223729133605957,5.592029571533203,4.3129658699035645,4.72585391998291,2.5406570434570312,3.758897542953491,1.5412912368774414,3.6439104080200195,4.569133758544922,0.8717918395996094,0.3772144317626953
2.3168985843658447,2.4141268730163574,4.247259140014648,4.2943196296691895,2.488269090652466,2.880734443664551,1.4946749210357666,4.184216022491455,4.938068866729736,1.543511152267456,2.8252387046813965,3.071195363998413,1.6536145210266113,3.633699417114258,2.8394455909729004,3.289182186126709,4.719638347625732,3.895638942718506,4.156246185302734,4.283220291137695,2.8225748538970947,4.127832412719727,7.506851673126221,4.475457191467285,4.700991630554199,2.1934762001037598,3.590634822845459,4.015953540802002,4.445711612701416,0.14146900177001953
2.1339848041534424,3.0836265087127686,3.0046005249023438,2.642324924468994,3.972888708114624,1.5079939365386963,3.754901885986328,3.670992374420166,4.59133243560791,2.56596302986145,2.8336739540100098,3.6585612297058105,3.18396258354187,4.835513114929199,2.9557645320892334,2.8332300186157227,4.211297988891602,5.902805328369141,7.352795600891113,4.110074043273926,4.918534755706787,4.672577857971191,4.394655704498291,2.9988291263580322,3.409496784210205,4.664142608642578,4.59443998336792,4.795112133026123,3.845026731491089,-0.40904760360717773
2.986398220062256,2.3710622787475586,2.1748297214508057,3.6718802452087402,4.212185859680176,1.9563987255096436,2.5526440143585205,3.3122684955596924,5.343409538269043,3.722048282623291,2.9344542026519775,4.520741939544678,2.60591983795166,3.350449562072754,3.2829668521881104,3.387742519378662,4.115401744842529,6.730800628662109,5.393577575683594,3.837923288345337,3.306941032409668,3.2363505363464355,3.7819838523864746,5.426430702209473,2.212122678756714,1.4316320419311523,0.8411581516265869,2.3444244861602783,3.227027177810669,-0.7819786071777344
3.2172598838806152,2.6836137771606445,2.9375619888305664,2.466514825820923,3.6687726974487305,0.8273954391479492,2.50691556930542,3.0938377380371094,6.563869476318359,4.506091117858887,2.5859413146972656,2.9957213401794434,3.5666606426239014,3.154660940170288,3.449009895324707,5.417995452880859,4.2801127433776855,5.277258396148682,6.013796806335449,5.0943450927734375,2.546428680419922,4.089207649230957,2.5664069652557373,3.2283592224121094,1.5528345108032227,-1.2108488082885742,0.0473484992980957,0.20184850692749023,-0.8481292724609375,-0.3464488983154297
3.994642972946167,3.2003893852233887,1.888916015625,2.7484326362609863,3.001936912536621,2.9997169971466064,4.488776206970215,1.4493906497955322,2.9815144538879395,4.019061088562012,3.495626211166382,1.6802525520324707,5.608012676239014,1.16880464553833,2.983734130859375,2.397256374359131,2.7808423042297363,3.559113025665283,6.831136703491211,4.9567155838012695,5.407340049743652,3.743802547454834,3.543574333190918,3.791750907897949,2.1752736568450928,-2.722106456756592,0.18542146682739258,-0.059203147888183594,-0.806396484375,-1.853710651397705
3.0694196224212646,3.034790277481079,3.11159610748291,3.8183889389038086,1.0129728317260742,2.533109664916992,3.5728759765625,3.224363327026367,4.142483234405518,2.622790575027466,2.9713032245635986,4.700547695159912,4.055466175079346,5.500128746032715,2.609027624130249,3.1200315952301025,4.331612586975098,5.373599052429199,4.237492084503174,4.431060791015625,5.216435432434082,4.867034435272217,3.485858917236328,2.8842859268188477,3.7491302490234375,3.379751205444336,0.5343782901763916,-0.4578838348388672,0.21117162704467773,-2.4512877464294434
3.7628931999206543,2.136204719543457,3.4765357971191406,4.562474727630615,0.5592403411865234,3.9009664058685303,2.245420217514038,3.0396738052368164,3.1013851165771484,3.223031520843506,4.353810787200928,4.750715732574463,5.909908771514893,3.0769670009613037,4.522517681121826,4.045699119567871,4.286328315734863,3.638582944869995,7.5645670890808105,4.688116550445557,5.366495609283447,5.586702346801758,6.658878326416016,6.293050765991211,1.9248771667480469,2.0895884037017822,3.172419548034668,0.13747358322143555,-2.294124126434326,1.7268688678741455
1.5168733596801758,1.8587265014648438,3.034790277481079,2.997941017150879,2.438101053237915,3.317595958709717,0.7048609256744385,2.9970531463623047,3.2727556228637695,5.312331676483154,4.044811248779297,3.0441136360168457,4.153138637542725,7.866463661193848,5.085465431213379,3.176859140396118,3.964897394180298,3.809953451156616,4.243707656860352,4.773801803588867,6.000033855438232,5.627547264099121,7.776338577270508,5.441081523895264,5.390913486480713,4.310302257537842,2.3013596534729004,1.7557265758514404,1.885364294052124,1.7481791973114014
1.7956833839416504,2.2063512802124023,3.7491302490234375,1.9173297882080078,1.0533735752105713,1.8791489601135254,2.5739543437957764,2.521566390991211,2.61923885345459,3.0294628143310547,0.9441580772399902,3.015255928039551,1.397446632385254,0.902869462966919,2.6507604122161865,2.3448684215545654,2.452307939529419,4.949612140655518,3.714944839477539,1.6371879577636719,3.2403461933135986,5.904581069946289,5.539641857147217,3.9378154277801514,5.1964569091796875,5.514780044555664,5.977391719818115,2.172165870666504,1.2868993282318115,1.1075372695922852
1.2602612972259521,3.4552254676818848,3.41615629196167,2.022549629211426,3.3486738204956055,3.282078742980957,2.099355697631836,2.2254416942596436,1.3916749954223633,2.6898293495178223,7.054895401000977,5.1786980628967285,3.6208243370056152,1.4476146697998047,5.214215278625488,3.2496695518493652,0.684882402420044,2.2134547233581543,3.292734146118164,1.7370800971984863,2.4913768768310547,4.0252766609191895,4.682344913482666,5.526766777038574,5.041956901550293,5.538753986358643,9.975297927856445,3.6718802452087402,2.146859884262085,2.8643076419830322
1.037390947341919,4.371569633483887,2.489157199859619,3.143561840057373,0.2049560546875,1.044938325881958,4.873693943023682,-0.337125301361084,4.312521934509277,-0.16797447204589844,-2.431753158569336,0.17432260513305664,1.0893347263336182,1.7757048606872559,1.2895631790161133,2.2840452194213867,-0.664771556854248,2.882510185241699,-0.9395861625671387,0.717736005783081,2.4949285984039307,4.419517517089844,4.929189682006836,3.8334836959838867,3.7642250061035156,6.850227355957031,9.473617553710938,4.571797847747803,2.819911003112793,1.8129980564117432
0.7079687118530273,3.5275917053222656,3.573319911956787,4.521629810333252,0.0748744010925293,6.412477493286133,0.6622402667999268,-0.09072494506835938,4.309414386749268,-0.7033967971801758,0.42516279220581055,0.2555680274963379,0.6822187900543213,0.22493457794189453,-1.016836166381836,1.1417226791381836,1.285123348236084,-0.3180351257324219,0.9810073375701904,1.9120023250579834,3.329139232635498,2.827014446258545,5.5383100509643555,3.3384623527526855,3.3091607093811035,5.099672317504883,11.307638168334961,8.583467483520508,1.5230886936187744,3.3717598915100098
0.29996490478515625,-0.43257808685302734,0.28975343704223633,-2.486804962158203,0.3403654098510742,-1.4896588325500488,1.7521748542785645,-1.442598819732666,2.055846929550171,1.3854596614837646,1.0933303833007812,1.147050380706787,-0.7580041885375977,0.12415456771850586,0.8815591335296631,-0.9284868240356445,2.5846095085144043,2.553976058959961,3.313600540161133,2.0443038940429688,2.6214585304260254,4.60775899887085,7.6040802001953125,7.6915411949157715,5.342077255249023,9.490488052368164,11.474124908447266,12.847752571105957,1.9781532287597656,1.6296403408050537
-0.9067325592041016,1.456049919128418,-0.20482397079467773,1.5781404972076416,-0.3198108673095703,0.4917576313018799,0.3634514808654785,-1.0106205940246582,-0.26964282989501953,0.08730554580688477,1.9386401176452637,-2.5969080924987793,0.5694515705108643,-2.304335117340088,-3.5749635696411133,0.9952142238616943,0.8211798667907715,0.6791110038757324,2.609471559524536,4.573129653930664,3.9018542766571045,5.450405120849609,6.082611083984375,6.306813716888428,6.7458953857421875,5.890374183654785,8.79745864868164,12.458395004272461,1.6336359977722168,3.285186767578125
0.09751653671264648,0.8935461044311523,4.667694091796875,10.793082237243652,1.0902228355407715,1.790355920791626,1.9914720058441162,2.357743263244629,0.7585806846618652,1.2824597358703613,2.467402696609497,1.9368643760681152,3.3380184173583984,1.6749248504638672,4.353366851806641,1.619873285293579,1.841411828994751,3.6301474571228027,3.655453681945801,4.620190143585205,2.823906898498535,3.350005626678467,3.267427921295166,4.619302272796631,5.060603618621826,10.433914184570312,10.39173698425293,13.962105751037598,1.2243001461029053,2.6658551692962646
2.289372682571411,2.532221794128418,5.784710884094238,0.49886107444763184,0.5952014923095703,1.2176406383514404,1.689131736755371,4.041259288787842,2.15351939201355,0.9898865222930908,1.5754766464233398,2.129545211791992,2.521566390991211,7.3829851150512695,8.391674041748047,5.891262054443359,3.7633371353149414,6.065296649932861,2.9713032245635986,3.055656671524048,1.9528470039367676,4.208634376525879,2.9744110107421875,5.4583964347839355,4.331612586975098,9.165061950683594,8.592790603637695,10.895637512207031,1.9883642196655273,0.921515941619873
-0.6594443321228027,1.6101059913635254,1.9350883960723877,-2.0082101821899414,0.735938549041748,0.8100807666778564,-0.6590003967285156,0.36034393310546875,2.626342296600342,4.943840503692627,4.118509292602539,0.31949901580810547,5.916568279266357,8.896463394165039,11.83284854888916,12.67105484008789,6.262417316436768,4.273897171020508,5.44907283782959,4.5345048904418945,2.6143550872802734,4.06967306137085,1.0760159492492676,0.5969774723052979,3.7087295055389404,6.482624053955078,9.385712623596191,3.5093889236450195,2.1091227531433105,1.82676100730896
-0.37175464630126953,0.4642319679260254,1.1585934162139893,1.382795810699463,3.601289749145508,0.9801192283630371,-0.9755473136901855,4.537612438201904,-0.6652154922485352,4.097198963165283,1.6553905010223389,5.688814163208008,6.1891632080078125,8.931535720825195,7.234256744384766,9.065613746643066,10.323810577392578,6.795175552368164,2.940669536590576,4.24859094619751,5.557844638824463,2.442096710205078,4.766698360443115,4.225060939788818,4.154470443725586,6.176732063293457,6.0661845207214355,2.6512043476104736,1.3912310600280762,2.626786231994629
0.7883262634277344,-0.620819091796875,3.5191564559936523,2.322226047515869,0.8189599514007568,10.912508964538574,11.81952953338623,11.3023099899292,6.293938636779785,-0.22524595260620117,0.43848180770874023,5.900585651397705,7.015826225280762,5.185357570648193,9.492708206176758,11.739171981811523,9.448310852050781,8.808557510375977,4.182440280914307,5.0366291999816895,6.305037975311279,5.474379062652588,5.7860426902771,-0.8769869804382324,4.3018670082092285,5.071258544921875,4.60331916809082,5.783823013305664,2.350639820098877,3.267871856689453
0.29641294479370117,2.0389764308929443,0.5095162391662598,7.979230880737305,10.010815620422363,10.201720237731934,11.191762924194336,12.513446807861328,12.71545124053955,4.263686180114746,2.0363125801086426,2.8101439476013184,2.8318982124328613,7.212059020996094,8.919992446899414,8.19011402130127,8.082674026489258,6.3964948654174805,5.580042839050293,3.900522470474243,4.14647912979126,5.021534442901611,0.3479127883911133,6.49283504486084,7.113054275512695,5.6697235107421875,2.0114505290985107,1.3481664657592773,4.295651435852051,-1.1966419219970703
3.751350164413452,1.3712527751922607,2.161510705947876,6.208697319030762,8.090221405029297,9.17616081237793,10.017919540405273,13.029335021972656,12.687037467956543,4.950943946838379,2.0247695446014404,1.3082096576690674,-1.2059650421142578,0.7057487964630127,9.235208511352539,5.430426597595215,4.601543426513672,6.644671440124512,5.023310661315918,1.5297482013702393,1.2473864555358887,3.2771952152252197,-1.6308398246765137,7.236476898193359,5.454400539398193,3.299837589263916,5.305228233337402,0.5072963237762451,1.9102263450622559,3.415712356567383
