DATA/wind10m_forecast.json
{"header": {"parameterCategory": 2, "parameterNumber": 2, "lo1": 5.498000144958496, "la1": 51.819000244140625, "dx": 0.559999942779541, "dy": 0.3600006103515625, "nx": 30, "ny": 25, "refTime": "2024-04-19T07:00:00.000000000"}, "data":
[rows 0 to 24 of 25, columns 0 to 29 of 30]
5.7237114906311035,4.687033653259277,4.344248294830322,4.070644378662109,6.249073028564453,7.716962814331055,5.454789161682129,2.7177093029022217,1.6981966495513916,3.813685655593872,4.143466949462891,3.856858730316162,3.0927443504333496,5.969747066497803,4.154390335083008,1.4381169080734253,2.865954875946045,3.762709856033325,1.9551554918289185,2.185065984725952,3.37571120262146,4.203285217285156,4.7203240394592285,4.712001323699951,5.2462053298950195,4.134103775024414,5.212914943695068,3.044369697570801,3.3132920265197754,2.9221320152282715
4.285470485687256,4.4305949211120605,5.251406669616699,4.094051837921143,4.152829647064209,3.806403398513794,4.528385162353516,3.469860076904297,3.567650079727173,5.099520206451416,5.251926898956299,4.752053737640381,4.992887496948242,4.7983479499816895,3.989499568939209,3.2539939880371094,3.365828275680542,1.439677357673645,1.9796029329299927,2.768164873123169,3.605621814727783,2.4940407276153564,2.353597640991211,2.595992088317871,3.649315118789673,3.7892379760742188,3.2404696941375732,4.419671535491943,3.585855722427368,3.7954800128936768
4.584042072296143,6.026444435119629,5.61239767074585,1.929147481918335,3.159324884414673,2.8976845741271973,2.4664723873138428,4.894577503204346,3.0370874404907227,6.001996994018555,4.291712284088135,4.702118396759033,4.175716876983643,3.626948356628418,4.968440055847168,3.0011963844299316,2.0004093647003174,2.874277353286743,4.220970630645752,2.975708484649658,4.813432216644287,2.3515169620513916,2.9803900718688965,3.301328420639038,3.557767152786255,5.413696765899658,2.6995038986206055,2.909128189086914,3.477142333984375,3.792879104614258
7.370536804199219,3.352303981781006,7.643620491027832,3.597299098968506,2.404573440551758,2.020695686340332,4.1497087478637695,3.8625805377960205,4.170515060424805,4.033713340759277,4.9986090660095215,2.7837696075439453,4.291192054748535,5.101600646972656,5.064669609069824,1.7398093938827515,0.7130144834518433,0.5028700828552246,1.5036569833755493,2.286497116088867,4.39418363571167,4.8217549324035645,5.251926898956299,2.895603895187378,2.96738600730896,2.389488697052002,3.160365104675293,3.6945691108703613,3.003277063369751,3.718496322631836
3.933842420578003,3.25451397895813,4.801468849182129,4.781182765960693,4.019148826599121,4.06700325012207,2.3442349433898926,4.06700325012207,3.409001350402832,2.932535171508789,3.7299399375915527,4.719803810119629,2.811338186264038,2.5148470401763916,4.436316967010498,3.8438549041748047,3.4891059398651123,1.899498462677002,1.4453991651535034,0.36190682649612427,1.1364244222640991,1.6695878505706787,4.668307781219482,1.7361682653427124,2.788971185684204,1.9260265827178955,4.55283260345459,4.172595977783203,4.900299072265625,3.2415101528167725
3.379352331161499,3.875584602355957,5.8771586418151855,3.787677526473999,5.615518569946289,5.137491703033447,4.546070575714111,3.188973903656006,3.98429799079895,3.598339557647705,3.3985981941223145,2.7203102111816406,4.151269435882568,4.890936374664307,3.687286853790283,2.5408551692962646,2.8924829959869385,4.859726428985596,3.6893675327301025,1.4979352951049805,1.86724853515625,5.053225994110107,5.485478401184082,1.635777473449707,2.6521692276000977,5.028778553009033,5.019415855407715,4.432155609130859,3.395477294921875,3.878185272216797
4.300034999847412,4.378058910369873,3.820967674255371,5.077153205871582,6.500830173492432,4.418111324310303,3.7731130123138428,2.769205093383789,5.649328708648682,3.7601091861724854,4.247498989105225,2.7894914150238037,2.741116523742676,3.7637503147125244,2.974668264389038,4.115898132324219,2.6188790798187256,3.236828565597534,4.1819586753845215,3.8677821159362793,1.1265413761138916,-1.0170361995697021,1.9405909776687622,3.385594129562378,1.161912202835083,2.7203102111816406,1.994687557220459,2.4409844875335693,3.561408281326294,3.881826400756836
4.830077648162842,4.182478904724121,5.9094085693359375,4.087289810180664,3.9135560989379883,4.166873931884766,4.520062446594238,3.5827348232269287,5.526051044464111,3.7819557189941406,2.894043445587158,3.380392551422119,2.1819450855255127,2.72343111038208,4.011346340179443,3.7315003871917725,1.0344730615615845,2.6006734371185303,4.540348529815674,1.1333034038543701,0.5309586524963379,2.0893566608428955,0.393636554479599,2.266731023788452,1.3658146858215332,0.9174371957778931,2.4347426891326904,2.4571094512939453,2.441504716873169,2.03057861328125
4.489373207092285,4.215249061584473,5.485998630523682,5.7460784912109375,3.993140697479248,5.0480241775512695,4.728126049041748,3.197296380996704,3.0745389461517334,5.320588111877441,2.4924802780151367,2.4331820011138916,4.3811798095703125,-1.6750379800796509,1.5182214975357056,2.6376047134399414,2.879478931427002,2.300541400909424,4.059720993041992,2.1465742588043213,1.6284953355789185,0.9668524265289307,1.9894859790802002,1.4318749904632568,1.1031341552734375,1.3814195394515991,1.9931271076202393,1.7236844301223755,1.8079503774642944,1.3548914194107056
3.5655694007873535,4.449841022491455,3.2399494647979736,4.88209342956543,2.0524253845214844,4.688074111938477,2.776487350463867,4.02799129486084,3.067776679992676,3.237348794937134,3.7044520378112793,4.4404778480529785,3.7585487365722656,3.41784405708313,2.706265926361084,1.70391845703125,3.4329288005828857,3.9614107608795166,3.1941754817962646,2.490919828414917,3.8391733169555664,1.1707549095153809,-0.038095876574516296,0.5267974138259888,1.717442512512207,1.3658146858215332,-0.4901145398616791,-0.44330015778541565,2.2318804264068604,-0.3621552884578705
3.8599798679351807,2.065429449081421,2.9850714206695557,4.766618251800537,1.8271962404251099,4.621493339538574,1.7668577432632446,2.2984607219696045,3.561408281326294,3.6571176052093506,5.195229530334473,4.34945011138916,5.210834503173828,3.1026275157928467,4.256861686706543,3.9749350547790527,2.9699866771698,3.042809009552002,6.613184452056885,3.3741507530212402,3.0209624767303467,2.200150728225708,1.403266191482544,1.3283631801605225,0.7390224933624268,0.8196471929550171,1.7710189819335938,1.204045057296753,0.35098347067832947,0.770232081413269
2.587669610977173,1.436036229133606,1.126021146774292,1.4157500267028809,2.5803873538970947,1.854244589805603,1.0381141901016235,3.6560771465301514,4.059720993041992,4.088329792022705,4.477929592132568,3.1546432971954346,3.587416172027588,6.124754428863525,4.257381916046143,2.490919828414917,-0.7621579170227051,1.6633459329605103,2.416537046432495,2.817579984664917,3.287804365158081,1.8656880855560303,1.9556756019592285,1.6961159706115723,2.0560665130615234,1.7923455238342285,0.1840122491121292,-1.3436963558197021,-1.6022156476974487,-0.3964857757091522
1.4698466062545776,1.5889631509780884,2.2542471885681152,2.323948621749878,3.1125104427337646,2.1512556076049805,2.2402029037475586,3.682605266571045,2.4930005073547363,3.0818209648132324,-0.4198929965496063,2.578826665878296,1.4807699918746948,1.3314841985702515,0.5070313215255737,1.1442267894744873,0.9241993427276611,3.0568532943725586,1.7944262027740479,0.9215984344482422,1.5764793157577515,1.2955931425094604,1.958276391029358,0.8950703144073486,1.586882472038269,1.8698493242263794,1.5717978477478027,-0.0037653446197509766,-1.8435697555541992,-0.9681411981582642
0.8883082866668701,1.5182214975357056,2.4680328369140625,2.8066565990448,2.6885805130004883,2.5632219314575195,2.467512607574463,2.285456895828247,0.8909090757369995,1.8329180479049683,3.829810380935669,2.8883216381073,1.7803819179534912,1.1275817155838013,3.37571120262146,1.899498462677002,0.4810233414173126,1.3033956289291382,2.4493069648742676,1.3278430700302124,1.2149684429168701,-0.060462743043899536,1.3637341260910034,1.9270669221878052,3.179090976715088,1.5707576274871826,1.566596269607544,0.7385023832321167,-2.185314416885376,-2.4100234508514404
0.5210756063461304,2.3296704292297363,1.598846197128296,2.1538565158843994,0.12731486558914185,2.3619203567504883,3.6992504596710205,0.3296569287776947,2.166860580444336,-0.3923245370388031,-0.7054605484008789,-0.8651496171951294,0.26619744300842285,1.3933831453323364,1.3496897220611572,0.44773316383361816,0.011839434504508972,0.11483103036880493,1.1598315238952637,1.2227708101272583,0.7483853101730347,0.28128209710121155,1.2212103605270386,1.9738812446594238,2.911728858947754,2.458669900894165,1.5749188661575317,0.8175666332244873,-3.1621742248535156,-1.7905133962631226
-0.38608261942863464,2.5252504348754883,3.2461915016174316,1.371016263961792,3.5926177501678467,3.4776625633239746,0.12107294797897339,-1.8919446468353271,2.1080825328826904,0.802482008934021,0.45397505164146423,-0.17749863862991333,0.9372032880783081,-0.8609882593154907,0.5652891993522644,-0.3470706641674042,-0.9374517202377319,-0.8854358196258545,0.9070340394973755,1.6747894287109375,1.7387690544128418,-0.013648375868797302,1.0141868591308594,1.4401975870132446,2.7686851024627686,2.6724555492401123,2.1944289207458496,0.851897120475769,-1.404555082321167,1.1572307348251343
-0.24824032187461853,-0.7736015319824219,0.17777033150196075,0.12887534499168396,0.6282285451889038,0.04929092526435852,0.3176932632923126,0.3379794955253601,0.9590499401092529,1.6139308214187622,-0.01624917984008789,0.6583977937698364,-0.5223643779754639,0.8050827980041504,-2.3564469814300537,-2.270620584487915,-0.7335492372512817,-0.7902466058731079,0.36138665676116943,2.059187412261963,-1.0560481548309326,0.2068992704153061,0.4779023826122284,1.4204314947128296,1.6940354108810425,2.5548994541168213,2.1564571857452393,2.045663356781006,0.933042049407959,0.2859635353088379
-0.761637806892395,-0.5702190399169922,0.08934321254491806,1.1535896062850952,-1.4961031675338745,0.26619744300842285,0.5964987874031067,-0.6331584453582764,0.3135319948196411,0.9642515182495117,1.5681568384170532,0.5689303278923035,-0.8713915348052979,-0.7694401741027832,-0.5436909198760986,-2.2290079593658447,-1.8118400573730469,-1.8134005069732666,0.851897120475769,0.9892191886901855,-0.8807543516159058,-0.7949280738830566,1.4625643491744995,1.504177212715149,1.925506353378296,3.017841339111328,2.6880602836608887,2.223557710647583,2.2022311687469482,2.4170572757720947
0.10182704031467438,-0.21078884601593018,0.6355107426643372,8.114364624023438,0.505470871925354,1.4453991651535034,2.0076916217803955,3.607182264328003,2.2610092163085938,2.420178174972534,-0.3486311137676239,-0.8968793153762817,-1.662034034729004,-6.592105865478516,-3.863349199295044,0.5522851943969727,0.5007894039154053,-3.1439685821533203,0.43524932861328125,0.8368124961853027,0.09610528498888016,-0.47502991557121277,-0.8812745809555054,2.2121143341064453,1.9535950422286987,2.6734957695007324,3.2472317218780518,3.5249969959259033,2.8024954795837402,0.6048213243484497
-1.5049458742141724,0.0831013023853302,3.787677526473999,-0.4417397081851959,0.07789970189332962,1.8178333044052124,1.8864943981170654,3.675323009490967,0.6953290700912476,2.5054843425750732,2.35463809967041,1.70391845703125,0.505470871925354,-4.865696430206299,-3.6532046794891357,-3.914324998855591,-4.403794765472412,-5.163747787475586,-1.6833605766296387,-0.34967145323753357,0.023803114891052246,1.2451376914978027,0.1554034799337387,1.3470889329910278,1.4589232206344604,2.5710244178771973,1.7538537979125977,3.232147216796875,1.4542418718338013,0.8737437725067139
0.200137197971344,1.6461807489395142,-0.5124813318252563,0.3067699074745178,1.41939115524292,0.6719219088554382,1.3101576566696167,-0.056821614503860474,0.20325815677642822,1.4994957447052002,2.920051336288452,2.472194194793701,1.4942941665649414,-3.706261157989502,-6.227994441986084,-8.76949405670166,-1.6505905389785767,-9.310460090637207,-2.565031051635742,-3.0950734615325928,-0.6950573921203613,-0.8583874702453613,0.6662001609802246,1.2711457014083862,0.9590499401092529,2.3577589988708496,3.637871742248535,2.353597640991211,2.4680328369140625,1.919784665107727
0.49350717663764954,-0.2165105938911438,-0.04589827358722687,0.01704104244709015,0.9554088115692139,2.869596004486084,-2.2061209678649902,1.0708842277526855,0.20273800194263458,0.697929859161377,-0.09947469830513,1.2680246829986572,2.6682941913604736,-5.5179762840271,-6.944253921508789,-4.368423938751221,-7.493022441864014,-7.30420446395874,-5.864923000335693,-3.1673758029937744,-2.038109302520752,-0.18894213438034058,-1.4914216995239258,-1.261511206626892,0.1486414074897766,0.42588645219802856,3.159324884414673,3.476102113723755,0.7078129053115845,1.5915639400482178
0.33277788758277893,-0.7564362287521362,1.2753069400787354,0.04929092526435852,0.7868771553039551,1.1832387447357178,1.1020938158035278,0.9486467838287354,0.7582683563232422,0.5033901929855347,-1.1881686449050903,-3.3426694869995117,1.33824622631073,-1.0154757499694824,-3.2870123386383057,-5.377013206481934,-6.765319347381592,-5.530980587005615,-5.02226448059082,-3.2167909145355225,0.14343979954719543,-3.176738739013672,-2.611325263977051,-0.20350661873817444,-0.020930618047714233,0.558007001876831,1.0303118228912354,2.101320266723633,0.8565785884857178,2.288057565689087
-0.01728948950767517,0.7582683563232422,-0.08907151222229004,1.4329153299331665,3.7486655712127686,0.7686716318130493,0.4987087845802307,-0.7808836698532104,0.19129449129104614,-0.044857949018478394,0.18037113547325134,1.7247247695922852,-2.1858346462249756,-0.6248358488082886,-2.216003894805908,-5.717197418212891,-8.477164268493652,-9.55493450164795,-6.77208137512207,0.23394757509231567,-1.1028624773025513,-4.0173163414001465,-6.442299842834473,-5.237090587615967,-1.4711354970932007,-0.6102713346481323,-0.7772425413131714,0.3728301525115967,1.1140575408935547,1.2919520139694214
1.6383782625198364,0.6911678314208984,-0.23367586731910706,3.663879632949829,2.9725875854492188,0.0014362484216690063,-0.8120932579040527,-0.3756794035434723,-2.7205586433410645,-1.7988359928131104,0.6329099535942078,-1.5793286561965942,-1.3879098892211914,-2.606123685836792,-0.17645832896232605,-0.4875137507915497,-8.601482391357422,-6.5166826248168945,-2.9447474479675293,-6.500557899475098,-3.866990327835083,-2.3704912662506104,-4.010034084320068,-5.224086284637451,-4.870898246765137,-1.4742563962936401,-0.4713887870311737,0.35462456941604614,-0.4797113239765167,-0.36839720606803894
