DATA/wind1000hPa_forecast.json
{"header": {"parameterCategory": 2, "parameterNumber": 2, "lo1": 5.498000144958496, "la1": 51.819000244140625, "dx": 0.559999942779541, "dy": 0.3600006103515625, "nx": 30, "ny": 25, "refTime": "2024-04-19T07:00:00.000000000"}, "data":
[rows 0 to 24 of 25, columns 0 to 29 of 30]
8.842090606689453,7.249084949493408,5.795316219329834,3.795562267303467,5.686777114868164,7.029813766479492,4.732946872711182,2.318770408630371,1.3813848495483398,2.97548770904541,3.795562267303467,3.5302438735961914,2.725518226623535,5.428036689758301,3.8196821212768555,1.6236801147460938,2.827479362487793,3.545592784881592,1.6861724853515625,1.7486648559570312,3.085123062133789,3.873403549194336,4.389787197113037,4.373342037200928,4.81188440322876,3.5302438735961914,4.82723331451416,2.8187084197998047,3.0533289909362793,2.686049461364746
7.217290878295898,6.374192237854004,7.2567596435546875,3.553267478942871,3.623434066772461,2.8899717330932617,3.5302438735961914,3.0927977561950684,3.014956474304199,4.4051361083984375,4.787764549255371,4.365667343139648,4.592613220214844,4.334969520568848,3.6080851554870605,2.8110342025756836,2.865851879119873,1.1467647552490234,1.6938467025756836,2.210230827331543,3.2802743911743164,1.850625991821289,1.9054431915283203,2.2409286499023438,3.155290126800537,3.3581156730651855,2.678375244140625,4.053205966949463,3.2331314086914062,3.4524025917053223
5.764618396759033,8.108628273010254,7.099980354309082,1.4833459854125977,2.420731544494629,2.1236181259155273,1.9131183624267578,4.132143497467041,2.326444625854492,5.42036247253418,3.9051976203918457,4.155167102813721,3.7878875732421875,3.1706390380859375,4.537795543670654,2.38126277923584,1.7256412506103516,2.6707000732421875,3.733069896697998,2.7101688385009766,4.2571282386779785,2.068800926208496,2.764986991882324,2.9524641036987305,2.9831619262695312,4.990590572357178,2.280397415161133,2.467874526977539,2.9908366203308105,3.514894962310791
6.686654090881348,2.6082077026367188,6.881805419921875,2.8110342025756836,1.9131183624267578,1.592982292175293,3.545592784881592,3.2561545372009277,3.5302438735961914,3.1081466674804688,4.334969520568848,2.217905044555664,3.8503799438476562,4.467628479003906,4.498326778411865,1.4986953735351562,0.6238031387329102,0.38918304443359375,1.1237411499023438,1.928466796875,3.990713596343994,4.280151844024658,4.86560583114624,2.420731544494629,2.4908981323242188,1.9361419677734375,2.7803359031677246,3.3504414558410645,2.4130563735961914,3.3504414558410645
3.3581156730651855,2.5851850509643555,4.13981819152832,3.694697380065918,3.1311702728271484,3.2879490852355957,2.138967514038086,3.522569179534912,2.6553516387939453,2.678375244140625,3.0610032081604004,3.920546531677246,2.217905044555664,1.9361419677734375,3.8975234031677246,3.585061550140381,3.2802743911743164,1.670823097229004,1.2640752792358398,0.3190155029296875,0.9516134262084961,1.451552391052246,4.459954261779785,1.5063695907592773,2.5226926803588867,1.5458383560180664,4.077325820922852,3.882174491882324,4.537795543670654,2.717843532562256
2.5610647201538086,3.0379796028137207,5.32717227935791,2.943693161010742,4.319620609283447,4.936869144439697,3.7484188079833984,2.388936996459961,3.6398797035217285,3.1783132553100586,2.686049461364746,2.538041114807129,3.6004104614257812,4.2571282386779785,3.1081466674804688,1.9514904022216797,2.4908981323242188,4.420485496520996,3.373465061187744,1.1237411499023438,1.4756717681884766,3.9282212257385254,5.115575313568115,1.4603233337402344,2.1937856674194336,4.685803413391113,4.600287914276123,4.014833450317383,2.8505029678344727,3.4524025917053223
3.522569179534912,3.4206080436706543,3.0927977561950684,4.412810802459717,5.6703314781188965,3.9051976203918457,2.8812007904052734,2.0457773208618164,5.162718772888184,3.0686779022216797,3.6705775260925293,2.3352155685424805,2.163087844848633,2.967813014984131,2.538041114807129,3.2408056259155273,2.2727231979370117,2.756216049194336,3.514894962310791,3.2024331092834473,0.943939208984375,-0.9779739379882812,1.6313543319702148,3.0533289909362793,0.943939208984375,2.178436279296875,1.670823097229004,1.9986343383789062,3.2024331092834473,3.5773873329162598
3.9753646850585938,3.3274178504943848,5.240560054779053,3.2484803199768066,3.0226306915283203,4.553144454956055,3.59273624420166,2.693723678588867,5.0530829429626465,3.0686779022216797,2.3735876083374023,2.748541831970215,1.7486648559570312,2.318770408630371,3.217782497406006,3.2561545372009277,0.943939208984375,2.138967514038086,3.8898487091064453,1.0689239501953125,0.4363260269165039,1.8659744262695312,0.3190155029296875,1.7881336212158203,1.0765981674194336,0.7641363143920898,1.9514904022216797,2.138967514038086,1.9832849502563477,1.6313543319702148
4.030182361602783,3.7253952026367188,4.928098201751709,5.037734031677246,3.185987949371338,6.124223232269287,4.022507667541504,2.8187084197998047,2.4514293670654297,4.85025691986084,1.928466796875,1.960261344909668,4.030182361602783,-1.407745361328125,1.1708850860595703,2.0852460861206055,2.686049461364746,1.8265056610107422,3.61575984954834,1.888998031616211,1.4910211563110352,0.7882566452026367,1.5381641387939453,1.1390905380249023,0.9362649917602539,1.1390905380249023,1.568861961364746,1.568861961364746,1.4910211563110352,1.1785593032836914
3.006185531616211,3.8273563385009766,2.6158828735351562,3.7177209854125977,2.147738456726074,3.5773873329162598,2.4832239151000977,3.2101078033447266,2.3735876083374023,2.686049461364746,3.2561545372009277,3.952341079711914,3.3811392784118652,2.936018466949463,2.0457773208618164,1.3660364151000977,2.9601383209228516,3.295623779296875,2.6005334854125977,2.1937856674194336,3.5061240196228027,1.0305509567260742,-0.024143218994140625,0.4209766387939453,1.4603233337402344,1.1632099151611328,-0.4462404251098633,-0.4078683853149414,2.138967514038086,-0.36839962005615234
3.1706390380859375,1.7333154678344727,2.3505640029907227,3.6475539207458496,1.6861724853515625,3.5686163902282715,1.2881946563720703,1.7727842330932617,2.905320644378662,2.8581771850585938,4.592613220214844,3.655228614807129,4.615636825561523,2.47554874420166,3.7802133560180664,3.483100414276123,2.6082077026367188,2.397707939147949,6.054056167602539,2.7024946212768555,2.686049461364746,2.0227537155151367,1.4208545684814453,1.1708850860595703,0.6468267440795898,0.6709461212158203,1.4986953735351562,1.0382261276245117,0.3343648910522461,0.8189544677734375
2.2727231979370117,1.1237411499023438,0.8967952728271484,1.093043327331543,1.960261344909668,1.4055051803588867,0.7959308624267578,3.0927977561950684,3.3581156730651855,3.2879490852355957,3.7484188079833984,2.467874526977539,3.0533289909362793,5.436807632446289,3.7177209854125977,1.8111572265625,-0.6808614730834961,1.2410516738891602,1.888998031616211,2.248602867126465,3.443631649017334,1.9054431915283203,2.1159439086914062,1.4910211563110352,1.6861724853515625,1.4679975509643555,0.14688777923583984,-1.2827606201171875,-1.7903738021850586,-0.38374900817871094
1.303544044494629,1.2092571258544922,1.7640132904052734,1.8111572265625,2.42840576171875,1.6554746627807617,1.7640132904052734,3.3109726905822754,1.9756107330322266,2.388936996459961,-0.3289308547973633,1.9909591674804688,1.1160669326782227,1.0459003448486328,0.4286518096923828,0.8584232330322266,0.7016439437866211,2.35823917388916,1.4362030029296875,0.7334384918212891,1.3342418670654297,1.343012809753418,1.7881336212158203,0.7411127090454102,1.3265676498413086,1.5458383560180664,1.6938467025756836,-0.12610435485839844,-1.9548273086547852,-0.790496826171875
0.7411127090454102,1.2180280685424805,1.928466796875,2.1236181259155273,2.170762062072754,2.2409286499023438,1.920792579650879,1.9131183624267578,0.7411127090454102,1.4208545684814453,3.155290126800537,2.460200309753418,1.4131793975830078,0.9592876434326172,2.8581771850585938,1.4603233337402344,0.444000244140625,1.0064315795898438,2.1236181259155273,1.093043327331543,1.1314163208007812,-0.040589332580566406,1.1314163208007812,2.068800926208496,3.7484188079833984,1.2958698272705078,1.7804594039916992,0.6786203384399414,-2.3604793548583984,-2.672941207885742
0.444000244140625,2.0534515380859375,1.4055051803588867,1.7640132904052734,0.0920705795288086,1.920792579650879,3.162964344024658,0.3036670684814453,1.7958078384399414,-0.3135814666748047,-0.5712251663208008,-0.6962099075317383,0.24117469787597656,1.0842723846435547,1.1555356979370117,0.3343648910522461,0.03834819793701172,0.0843954086303711,1.0459003448486328,0.9910821914672852,0.6238031387329102,0.22582530975341797,1.0689239501953125,1.7563390731811523,2.97548770904541,2.6082077026367188,1.7958078384399414,0.8112802505493164,-3.618000030517578,-1.9548273086547852
-0.2741127014160156,1.960261344909668,3.162964344024658,1.0765981674194336,3.0226306915283203,2.8351540565490723,0.029578208923339844,-1.5634279251098633,1.7640132904052734,0.6555976867675781,0.37383365631103516,-0.14145374298095703,0.6862955093383789,-0.7433538436889648,0.4516754150390625,-0.3212566375732422,-0.7663764953613281,-0.7663764953613281,0.7882566452026367,1.4679975509643555,1.5458383560180664,-0.024143218994140625,0.9209156036376953,1.1862335205078125,3.217782497406006,2.420731544494629,2.467874526977539,0.8660974502563477,-1.5711021423339844,1.2958698272705078
-0.14145374298095703,-0.6030197143554688,0.22582530975341797,0.10851573944091797,0.5064926147460938,0.0920705795288086,0.24117469787597656,0.38150787353515625,0.7805814743041992,1.19390869140625,-0.0636129379272461,0.5141677856445312,-0.34537601470947266,0.9910821914672852,-3.095038414001465,-1.7585792541503906,-0.6260433197021484,-0.641392707824707,0.3113412857055664,1.8736495971679688,-0.9231557846069336,0.15456199645996094,0.47579479217529297,1.2805204391479492,2.3034210205078125,2.318770408630371,2.6400022506713867,2.420731544494629,0.8814468383789062,0.22582530975341797
-0.5953454971313477,-0.5635509490966797,0.0920705795288086,0.8814468383789062,-1.2202682495117188,0.1863565444946289,0.48346900939941406,-0.47036075592041016,0.26419830322265625,0.7487878799438477,1.2257022857666016,0.23350048065185547,-2.0710411071777344,-1.8375167846679688,-3.4776668548583984,-1.8287467956542969,-1.4702377319335938,-1.4537925720214844,0.7641363143920898,0.943939208984375,-0.7510280609130859,-0.6731863021850586,1.8265056610107422,1.8977689743041992,2.217905044555664,3.3186469078063965,3.2101078033447266,2.6553516387939453,2.538041114807129,2.538041114807129
0.0843954086303711,-0.10308170318603516,0.47579479217529297,6.795193195343018,0.38918304443359375,1.318892478942871,3.2331314086914062,4.81188440322876,3.225456714630127,3.0303053855895996,-3.5006895065307617,-1.008671760559082,-3.180553436279297,-6.993680953979492,-3.938136100769043,0.5689849853515625,0.4681205749511719,-2.5479564666748047,0.36615943908691406,0.7805814743041992,-0.14145374298095703,-0.38374900817871094,-0.8376398086547852,2.577509880065918,2.420731544494629,3.1783132553100586,3.7571897506713867,4.170516014099121,3.2408056259155273,0.49114418029785156
-1.118307113647461,0.029578208923339844,3.162964344024658,-0.36839962005615234,0.061371803283691406,1.4986953735351562,2.943693161010742,3.162964344024658,1.670823097229004,4.2648024559021,4.132143497467041,-0.9779739379882812,-3.0171966552734375,-5.117815971374512,-3.719961166381836,-3.5719528198242188,-8.19638442993164,-4.14973258972168,-1.415419578552246,-0.3366050720214844,-0.055937767028808594,1.2487258911132812,0.13153934478759766,1.5140447616577148,1.6784982681274414,2.967813014984131,2.170762062072754,3.795562267303467,1.4055051803588867,0.7093191146850586
0.16333293914794922,1.350687026977539,-0.4615898132324219,0.26419830322265625,1.2881946563720703,0.49114418029785156,0.9680585861206055,-0.040589332580566406,0.14688777923583984,1.2640752792358398,5.069528102874756,2.9206695556640625,-0.5635509490966797,-3.8920888900756836,-6.7360382080078125,-10.08759880065918,-2.1105098724365234,-7.548437118530273,-2.1028356552124023,-2.540281295776367,-0.5953454971313477,-0.7510280609130859,0.5613107681274414,1.093043327331543,0.8036050796508789,1.960261344909668,4.342644214630127,2.1159439086914062,2.8899717330932617,1.5381641387939453
0.38918304443359375,-0.11843013763427734,-0.040589332580566406,0.021903038024902344,0.7411127090454102,2.210230827331543,-0.790496826171875,1.6938467025756836,0.17100811004638672,0.5613107681274414,-0.07128715515136719,1.0141057968139648,3.443631649017334,-5.860048294067383,-7.743589401245117,-4.689140319824219,-8.008907318115234,-8.81363296508789,-4.852497100830078,-2.500812530517578,-1.5711021423339844,-0.1578989028930664,-1.2125940322875977,-1.04046630859375,0.10851573944091797,0.35081005096435547,2.8812007904052734,3.0303053855895996,1.093043327331543,1.4362030029296875
0.27187252044677734,-0.6106939315795898,0.9285898208618164,0.04602336883544922,0.6161289215087891,0.9132413864135742,1.3342418670654297,1.0064315795898438,0.8036050796508789,1.1314163208007812,-1.0952835083007812,-2.6652660369873047,1.1237411499023438,-2.095160484313965,-3.4930152893066406,-5.469745635986328,-7.368635177612305,-5.899517059326172,-7.548437118530273,-2.9152355194091797,0.10851573944091797,-2.6882896423339844,-2.0008745193481445,-0.1655740737915039,-0.008794784545898438,0.4516754150390625,0.8737726211547852,1.920792579650879,0.8036050796508789,1.7804594039916992
0.04602336883544922,0.6391515731811523,-0.12610435485839844,2.3428897857666016,3.61575984954834,0.9680585861206055,0.49114418029785156,-0.758702278137207,0.04602336883544922,-0.7828226089477539,0.12386417388916016,1.3967342376708984,-1.8287467956542969,-0.5328531265258789,-3.313213348388672,-6.079320907592773,-9.228055953979492,-10.758569717407227,-7.774288177490234,0.36615943908691406,-1.0163459777832031,-3.50946044921875,-5.439048767089844,-4.477543830871582,-1.1731252670288086,-0.54052734375,-0.6337175369262695,0.3036670684814453,0.9516134262084961,1.233377456665039
-0.4385662078857422,1.3583621978759766,0.9285898208618164,1.850625991821289,3.225456714630127,-0.0011205673217773438,-1.0251169204711914,-0.3366050720214844,-2.782576560974121,-3.172879219055176,0.5218420028686523,-1.3288078308105469,-1.0558147430419922,-2.2979869842529297,-0.1655740737915039,-1.7750244140625,-9.298223495483398,-7.079196929931641,-3.250720977783203,-7.016704559326172,-5.360111236572266,-1.868215560913086,-3.6651430130004883,-4.360233306884766,-4.165081977844238,-1.1413307189941406,-0.38374900817871094,0.2883176803588867,-0.4308919906616211,-0.36839962005615234
