DATA/wind1000hPa.json
{"header": {"parameterCategory": 2, "parameterNumber": 2, "lo1": 5.498000144958496, "la1": 51.819000244140625, "dx": 0.559999942779541, "dy": 0.3600006103515625, "nx": 30, "ny": 25, "refTime": "2024-04-02T01:00:00.000000000"}, "data":
[rows 0 to 24 of 25, columns 0 to 29 of 30]
3.0825557708740234,2.379331588745117,2.0670576095581055,2.3635969161987305,4.215459823608398,4.832746505737305,3.3246288299560547,2.0053281784057617,1.3021049499511719,2.9651498794555664,4.122261047363281,3.0123538970947266,1.989593505859375,4.239666938781738,3.871715545654297,3.590909957885742,3.543705940246582,5.099027633666992,4.817011833190918,2.9893569946289062,5.7623090744018555,5.2394304275512695,5.723577499389648,4.129523277282715,2.7158145904541016,3.4577693939208984,5.606171607971191,3.473504066467285,1.6059074401855469,-0.65142822265625
1.9653863906860352,2.7158145904541016,1.6059074401855469,2.950625419616699,4.317130088806152,2.7158145904541016,2.512472152709961,1.3723068237304688,2.7545461654663086,4.466005325317383,1.6143798828125,4.434535980224609,3.152756690979004,3.918919563293457,3.598172187805176,3.699843406677246,3.161229133605957,2.738811492919922,3.715578079223633,3.1297597885131836,6.200462341308594,2.3878049850463867,2.4422712326049805,2.629878044128418,1.1217594146728516,5.129286766052246,2.6371402740478516,4.364335060119629,2.0355873107910156,-1.6511917114257812
2.3878049850463867,4.052060127258301,2.4894752502441406,1.4812393188476562,2.6613473892211914,2.184462547302246,0.8724250793457031,1.9653863906860352,1.7475204467773438,4.715341567993164,3.4807662963867188,2.551203727722168,4.441798210144043,2.7000789642333984,5.207961082458496,2.980884552001953,3.489238739013672,4.8642168045043945,5.832510948181152,6.879478454589844,6.286397933959961,4.176727294921875,4.622142791748047,4.113788604736328,1.2863693237304688,3.5049734115600586,1.9811210632324219,3.2858972549438477,1.5042362213134766,1.5284442901611328
2.99661922454834,2.6068811416625977,3.426300048828125,1.5756473541259766,1.6373767852783203,1.9036579132080078,2.4035396575927734,3.3948307037353516,2.629878044128418,2.3091306686401367,3.4577693939208984,2.0912647247314453,3.629641532897949,3.4190378189086914,3.3718338012695312,4.65361213684082,2.4810028076171875,1.754781723022461,1.762044906616211,3.552178382873535,5.0832929611206055,3.840245246887207,4.309867858886719,2.1299962997436523,3.1297597885131836,1.2778968811035156,3.0825557708740234,4.122261047363281,0.3168659210205078,0.2866058349609375
1.9653863906860352,1.8951845169067383,3.6381139755249023,3.333101272583008,1.9193925857543945,2.263136863708496,1.3408374786376953,3.6683731079101562,3.840245246887207,1.2706356048583984,2.2703990936279297,2.5354690551757812,1.3408374786376953,2.8017501831054688,2.410801887512207,2.942152976989746,4.215459823608398,3.308894157409668,3.426300048828125,3.7700443267822266,2.3635969161987305,3.543705940246582,6.793542861938477,3.8172483444213867,4.215459823608398,1.7317848205566406,3.12249755859375,3.606644630432129,4.113788604736328,0.14499282836914062
1.6458492279052734,2.4265365600585938,2.6843442916870117,2.028325080871582,3.0280885696411133,1.3408374786376953,3.09829044342041,2.7545461654663086,4.052060127258301,2.1917247772216797,2.200197219848633,3.199960708618164,2.723076820373535,4.231194496154785,2.4035396575927734,2.200197219848633,3.5207090377807617,5.301158905029297,6.716078758239746,3.2084341049194336,3.801513671875,3.598172187805176,3.966123580932617,2.6068811416625977,2.7702808380126953,4.3256025314331055,4.239666938781738,4.3256025314331055,3.199960708618164,-0.354888916015625
2.4810028076171875,1.8177213668823242,1.7475204467773438,3.1454944610595703,3.6139068603515625,1.7317848205566406,1.9109201431274414,2.4265365600585938,4.871479034423828,2.99661922454834,2.458005905151367,3.708315849304199,1.9811210632324219,2.582674026489258,2.738811492919922,2.5984086990356445,3.4965009689331055,5.9971208572387695,4.637877464294434,3.1684913635253906,2.786015510559082,2.980884552001953,3.0208263397216797,4.809749603271484,1.6615848541259766,1.0515594482421875,0.7308120727539062,1.8951845169067383,2.9736223220825195,-0.6901607513427734
2.6141433715820312,2.0513219833374023,2.5439414978027344,1.9193925857543945,2.7932777404785156,0.6533470153808594,1.9339170455932617,2.31760311126709,5.988648414611816,3.6139068603515625,2.1142616271972656,2.379331588745117,2.7702808380126953,2.707341194152832,2.786015510559082,4.6294050216674805,3.724050521850586,4.348600387573242,5.1220245361328125,4.551941871643066,1.9738588333129883,3.590909957885742,1.9423894882202148,2.496737480163574,1.160491943359375,-0.9794387817382812,0.036060333251953125,0.15346527099609375,-0.6126956939697266,-0.2604789733886719
3.582437515258789,2.786015510559082,1.6301136016845703,2.3878049850463867,2.34060001373291,2.551203727722168,3.7942514419555664,1.2234306335449219,2.3950672149658203,3.629641532897949,2.668609619140625,1.2936325073242188,5.090555191040039,1.020090103149414,2.2776613235473633,1.8479804992675781,2.520944595336914,2.8090124130249023,5.988648414611816,4.239666938781738,4.841219902038574,2.99661922454834,2.692816734313965,2.9348907470703125,1.833456039428711,-2.1123428344726562,0.11352348327636719,-0.07287216186523438,-0.6599006652832031,-1.5035266876220703
2.566939353942871,2.575411796569824,2.4810028076171875,2.9106836318969727,0.8796863555908203,1.8564529418945312,3.0825557708740234,2.5439414978027344,3.1769638061523438,2.121523857116699,2.5596771240234375,4.082319259643555,3.606644630432129,4.739548683166504,1.9581241607666016,2.575411796569824,3.7470474243164062,4.50473690032959,3.4190378189086914,3.7785167694091797,4.65361213684082,4.012117385864258,3.05108642578125,2.2389297485351562,3.1454944610595703,2.786015510559082,0.4185371398925781,-0.12854957580566406,0.14499282836914062,-2.245481491088867
3.07529354095459,1.7862520217895508,2.707341194152832,3.5049734115600586,0.4972095489501953,2.9651498794555664,1.6688461303710938,2.3091306686401367,2.465268135070801,2.458005905151367,3.84871768951416,3.966123580932617,5.137759208679199,2.3490724563598633,3.9346542358398438,3.4033031463623047,3.699843406677246,2.7315492630004883,6.887950897216797,3.598172187805176,4.65361213684082,5.020354270935059,6.817749977111816,5.34110164642334,1.5042362213134766,1.6531105041503906,2.6141433715820312,0.08326530456542969,-1.9332084655761719,1.6059074401855469
1.3021049499511719,1.4497699737548828,2.3950672149658203,2.301868438720703,1.872187614440918,2.582674026489258,0.5044727325439453,2.5052099227905273,2.629878044128418,4.285660743713379,3.3718338012695312,2.3490724563598633,3.512235641479492,6.8952131271362305,4.364335060119629,2.41927433013916,2.9736223220825195,3.005091667175293,3.199960708618164,3.724050521850586,5.442771911621094,5.099027633666992,7.105816841125488,4.699606895446777,4.262663841247559,3.489238739013672,1.6531105041503906,1.5829105377197266,1.7160511016845703,1.6143798828125
1.5829105377197266,1.6615848541259766,2.942152976989746,1.4739761352539062,0.77801513671875,1.4739761352539062,1.989593505859375,2.1529932022094727,1.9968557357788086,2.254664421081543,0.6533470153808594,2.2389297485351562,1.0442962646484375,0.6920795440673828,2.1529932022094727,1.7390480041503906,1.8637151718139648,3.715578079223633,2.879213333129883,1.2778968811035156,2.621405601501465,5.325366973876953,4.981621742248535,3.114025115966797,4.332864761352539,4.645139694213867,5.442771911621094,2.0355873107910156,1.1847000122070312,0.8796863555908203
1.0442962646484375,2.7702808380126953,2.6456127166748047,1.5199718475341797,2.692816734313965,2.942152976989746,1.53570556640625,1.8479804992675781,1.020090103149414,1.9811210632324219,5.988648414611816,4.45753288269043,2.8090124130249023,1.1689643859863281,4.387331962585449,2.410801887512207,0.4887371063232422,1.6615848541259766,2.7787532806396484,1.3408374786376953,2.2474021911621094,3.582437515258789,3.8245105743408203,4.895686149597168,4.567676544189453,4.434535980224609,9.348628044128418,3.450507164001465,2.0053281784057617,2.6371402740478516
0.86395263671875,3.809986114501953,2.1772003173828125,2.591146469116211,0.02032470703125,0.8094844818115234,4.113788604736328,-0.48802947998046875,3.6223793029785156,-0.12854957580566406,-2.322946548461914,0.16920089721679688,0.7707538604736328,1.3480987548828125,0.8724250793457031,1.691843032836914,-0.5182876586914062,2.200197219848633,-0.8003044128417969,0.5202083587646484,2.0125904083251953,3.809986114501953,4.183989524841309,3.387568473815918,3.2858972549438477,6.270663261413574,8.552206039428711,4.387331962585449,2.591146469116211,1.6688461303710938
0.5286808013916016,2.6456127166748047,3.356098175048828,3.590909957885742,0.02032470703125,5.427037239074707,0.5129451751708984,-0.12007713317871094,3.606644630432129,-0.5182876586914062,0.3168659210205078,0.2151947021484375,0.4730033874511719,0.1849365234375,-0.7530994415283203,0.8167476654052734,0.9184188842773438,-0.22174835205078125,0.8252201080322266,1.6301136016845703,2.9106836318969727,2.5052099227905273,4.941679954528809,2.7000789642333984,2.9893569946289062,4.4817399978637695,10.488794326782227,8.527998924255371,1.395303726196289,3.12249755859375
0.22366714477539062,-0.3391532897949219,0.22366714477539062,-1.8472709655761719,0.1921977996826172,-1.1513099670410156,1.3021049499511719,-1.0496387481689453,1.7390480041503906,0.9740943908691406,1.2778968811035156,0.7864875793457031,-0.8705043792724609,0.12199592590332031,0.6448745727539062,-0.6744251251220703,2.0670576095581055,1.9266548156738281,2.496737480163574,1.7390480041503906,2.2159318923950195,3.7700443267822266,6.8952131271362305,6.879478454589844,4.411539077758789,8.552206039428711,10.379861831665039,11.731842041015625,1.8407182693481445,1.4183006286621094
-0.5497570037841797,1.0600318908691406,-0.1672821044921875,1.1374950408935547,-0.31615638732910156,0.3096027374267578,0.2079334259033203,-0.6986331939697266,-0.5182876586914062,-0.12007713317871094,1.388040542602539,-2.096607208251953,-0.4480857849121094,-3.7293930053710938,-5.00269889831543,0.6920795440673828,0.6690826416015625,0.5674114227294922,2.161465644836426,3.9891204833984375,3.0825557708740234,4.497475624084473,5.184964179992676,5.520236015319824,6.302133560180664,5.418564796447754,7.950654029846191,11.590229034423828,1.5199718475341797,2.980884552001953
0.10626220703125,0.6606101989746094,3.84871768951416,9.145286560058594,0.8796863555908203,1.4655036926269531,1.5671749114990234,1.872187614440918,0.6376132965087891,1.1459674835205078,5.036088943481445,1.53570556640625,5.153494834899902,1.4739761352539062,4.927155494689941,1.231903076171875,1.872187614440918,2.7702808380126953,2.9264183044433594,3.966123580932617,2.435009002685547,2.621405601501465,2.8876867294311523,4.192462921142578,4.3715972900390625,9.87150764465332,9.69237232208252,12.872008323669434,1.160491943359375,2.1142616271972656
1.6373767852783203,2.098526954650879,4.855744361877441,0.3325996398925781,0.3955402374267578,0.8324813842773438,1.2234306335449219,3.489238739013672,4.6294050216674805,3.2858972549438477,6.262190818786621,5.816775321960449,6.16899299621582,8.738602638244629,9.536234855651855,5.027616500854492,6.2936601638793945,4.660874366760254,2.29339599609375,2.3490724563598633,1.6301136016845703,3.6139068603515625,2.512472152709961,4.934417724609375,3.8874502182006836,8.552206039428711,7.637168884277344,12.05985164642334,1.8249835968017578,0.7392845153808594
-0.5267601013183594,1.2464275360107422,1.4897117614746094,-1.7528629302978516,0.6146163940429688,0.6218776702880859,-0.49529075622558594,0.2781333923339844,2.0125904083251953,4.340126991271973,7.168756484985352,4.676609992980957,7.833248138427734,11.012884140014648,14.22398853302002,15.083349227905273,7.910711288452148,3.4420347213745117,4.387331962585449,3.6611108779907227,2.028325080871582,3.317366600036621,0.9886188507080078,0.5286808013916016,2.950625419616699,5.301158905029297,8.785807609558105,3.137022018432617,1.9109201431274414,1.4739761352539062
-0.2532176971435547,0.26239967346191406,0.9184188842773438,1.0745563507080078,2.8090124130249023,0.7465457916259766,-1.0109081268310547,5.958388328552246,-0.5182876586914062,3.192699432373047,1.2778968811035156,4.676609992980957,9.215487480163574,11.137551307678223,9.027880668640137,10.911212921142578,12.277717590332031,8.340392112731934,2.4810028076171875,3.254427909851074,4.364335060119629,1.809248924255371,3.724050521850586,3.192699432373047,3.199960708618164,5.669111251831055,5.528708457946777,2.3635969161987305,1.3021049499511719,2.3333377838134766
0.6218776702880859,-0.40209197998046875,2.6528749465942383,1.762044906616211,0.5202083587646484,12.777599334716797,14.262720108032227,13.473560333251953,7.489503860473633,0.5988807678222656,0.3725433349609375,4.60640811920166,5.7623090744018555,4.520472526550293,11.528499603271484,13.636960983276367,11.16054916381836,10.434328079223633,6.598672866821289,4.403066635131836,5.043351173400879,4.597935676574707,4.418801307678223,-0.7530994415283203,3.231431007385254,3.918919563293457,3.801513671875,5.1607561111450195,2.0670576095581055,2.6371402740478516
0.1849365234375,1.6458492279052734,0.402801513671875,9.559231758117676,11.895241737365723,12.15304946899414,13.364627838134766,15.160813331604004,15.059142112731934,6.528471946716309,1.7317848205566406,2.2389297485351562,2.2703990936279297,6.012855529785156,9.457561492919922,10.239458084106445,10.106318473815918,7.950654029846191,6.926682472229004,3.161229133605957,3.333101272583008,4.294133186340332,0.34833526611328125,5.450034141540527,5.644903182983398,4.551941871643066,1.6458492279052734,1.0515594482421875,3.8959226608276367,-0.9794387817382812
4.645139694213867,1.4183006286621094,4.231194496154785,8.661139488220215,9.6693754196167,10.972941398620605,12.019908905029297,15.755104064941406,14.98167896270752,8.527998924255371,1.5599136352539062,0.9970912933349609,-0.9019737243652344,0.6218776702880859,7.864717483520508,7.645641326904297,6.130261421203613,8.629670143127441,6.200462341308594,2.059795379638672,3.5207090377807617,2.31760311126709,-1.40185546875,5.872452735900879,4.567676544189453,2.551203727722168,4.543469429016113,0.3870677947998047,1.5042362213134766,3.0280885696411133
