DATA/wind10m_forecast_ECMWF.json
{"header": {"parameterCategory": 2, "parameterNumber": 3, "lo1": -10.0, "la1": 60.0, "dx": 0.125, "dy": 0.125, "nx": 361, "ny": 161, "refTime": "2022-02-17T01:00:00.000000000"}, "data":
[rows 60 to 79 of 161, columns 44 to 87 of 361]
0.594935417175293,0.673548698425293,0.706751823425293,0.762904167175293,0.743861198425293,0.552454948425293,0.31075572967529297,0.15645885467529297,0.37472057342529297,0.865931510925293,0.971888542175293,0.717494010925293,0.28780651092529297,0.42110729217529297,0.942591667175293,1.458216667175293,1.609095573425293,1.511439323425293,1.506556510925293,1.595423698425293,1.648646354675293,1.651576042175293,1.648158073425293,1.640833854675293,1.741419792175293,1.931361198425293,1.995814323425293,1.880091667175293,1.544154167175293,1.477259635925293,1.670130729675293,1.901576042175293,1.904505729675293,1.756068229675293,1.708216667175293,1.767786979675293,1.829310417175293,1.821009635925293,1.846888542175293,1.819056510925293,1.709681510925293,1.590052604675293,1.508509635925293,1.492884635925293
0.700892448425293,0.874232292175293,0.983607292175293,0.818568229675293,0.47384166717529297,0.08614635467529297,-0.10233020782470703,0.12032604217529297,0.42403697967529297,0.715052604675293,0.653529167175293,0.550990104675293,0.592494010925293,1.092494010925293,1.700404167175293,1.972376823425293,1.916712760925293,1.887904167175293,2.035365104675293,2.146693229675293,2.142298698425293,2.018275260925293,2.017786979675293,2.112513542175293,2.164759635925293,2.183802604675293,2.059779167175293,1.841517448425293,1.669642448425293,1.771204948425293,2.027064323425293,2.121302604675293,2.001185417175293,1.815638542175293,1.781947135925293,1.748255729675293,1.628138542175293,1.494837760925293,1.530970573425293,1.608119010925293,1.672572135925293,1.505579948425293,1.372279167175293,1.321986198425293
0.815638542175293,0.810267448425293,0.518275260925293,0.04561901092529297,-0.43973255157470703,-0.38943958282470703,0.03682994842529297,0.49532604217529297,0.781458854675293,0.874720573425293,1.019740104675293,1.280970573425293,1.669154167175293,2.182337760925293,2.459193229675293,2.538783073425293,2.348841667175293,2.185267448425293,2.129115104675293,2.124232292175293,2.146693229675293,2.238490104675293,2.319544792175293,2.280482292175293,2.106165885925293,1.905482292175293,1.859583854675293,1.939661979675293,2.070033073425293,2.224329948425293,2.209193229675293,2.076869010925293,1.930872917175293,1.889369010925293,1.876673698425293,1.775599479675293,1.579310417175293,1.446497917175293,1.365443229675293,1.306849479675293,1.223841667175293,0.966517448425293,0.853236198425293,0.889857292175293
0.27608776092529297,-0.007115364074707031,-0.30936145782470703,-0.540318489074707,-0.38065052032470703,0.16280651092529297,0.715052604675293,1.145228385925293,1.319056510925293,1.483119010925293,1.664271354675293,1.842982292175293,1.970911979675293,2.140345573425293,2.284388542175293,2.343470573425293,2.223353385925293,2.174036979675293,2.196009635925293,2.243372917175293,2.233119010925293,2.123255729675293,1.949915885925293,1.771204948425293,1.659876823425293,1.856654167175293,2.154505729675293,2.453333854675293,2.635462760925293,2.586634635925293,2.413783073425293,2.228236198425293,2.162318229675293,2.218958854675293,2.156947135925293,2.013880729675293,1.837122917175293,1.680384635925293,1.441126823425293,1.170619010925293,0.911829948425293,0.788294792175293,0.760951042175293,0.804896354675293
-0.30106067657470703,-0.22147083282470703,-0.04617786407470703,0.25704479217529297,0.664271354675293,1.031947135925293,1.242396354675293,1.268275260925293,1.362025260925293,1.438197135925293,1.434290885925293,1.314173698425293,1.605677604675293,2.094935417175293,2.466517448425293,2.473353385925293,2.175990104675293,2.341029167175293,2.613490104675293,2.771204948425293,2.273646354675293,1.842494010925293,1.592494010925293,1.626185417175293,1.872279167175293,2.171107292175293,2.403040885925293,2.514369010925293,2.538783073425293,2.596888542175293,2.633509635925293,2.695521354675293,2.715052604675293,2.599329948425293,2.378138542175293,2.127650260925293,1.956263542175293,1.734095573425293,1.434779167175293,1.169154167175293,1.032435417175293,1.019251823425293,0.908900260925293,0.784388542175293
-0.16336536407470703,0.12520885467529297,0.40938854217529297,0.692103385925293,0.834681510925293,0.839564323425293,0.779994010925293,0.892786979675293,1.127161979675293,1.223353385925293,1.194056510925293,1.204310417175293,1.829798698425293,2.552943229675293,2.880091667175293,2.699427604675293,2.495814323425293,2.705775260925293,2.837611198425293,2.397181510925293,1.636439323425293,1.396204948425293,1.629115104675293,2.059779167175293,2.275111198425293,2.455775260925293,2.573451042175293,2.683802604675293,2.713587760925293,2.749232292175293,2.781458854675293,2.772181510925293,2.763880729675293,2.633509635925293,2.442103385925293,2.268763542175293,2.140833854675293,2.004603385925293,1.819056510925293,1.594447135925293,1.459193229675293,1.258997917175293,1.080775260925293,0.968470573425293
-0.11795520782470703,-0.03836536407470703,0.08077526092529297,0.30245494842529297,0.37423229217529297,0.40548229217529297,0.528529167175293,0.777064323425293,0.976283073425293,1.023158073425293,1.140833854675293,1.496790885925293,2.048060417175293,2.363001823425293,2.374720573425293,2.294154167175293,2.511439323425293,2.722376823425293,2.474818229675293,1.881556510925293,1.550990104675293,1.906947135925293,2.367396354675293,2.435755729675293,2.197962760925293,2.272181510925293,2.547572135925293,2.811732292175293,2.786829948425293,2.614954948425293,2.451869010925293,2.355189323425293,2.407923698425293,2.449915885925293,2.448939323425293,2.364954948425293,2.268763542175293,2.244837760925293,2.217005729675293,2.116908073425293,1.960658073425293,1.722376823425293,1.604701042175293,1.571497917175293
-0.03445911407470703,-0.010045051574707031,-0.011509895324707031,0.03292369842529297,0.03975963592529297,0.13497447967529297,0.36251354217529297,0.671595573425293,0.714564323425293,0.755091667175293,0.917689323425293,1.425990104675293,1.816615104675293,2.008021354675293,2.044154167175293,2.027552604675293,2.063685417175293,1.795619010925293,1.460658073425293,1.237513542175293,1.738001823425293,2.305872917175293,2.470911979675293,2.139369010925293,1.756068229675293,1.937708854675293,2.195521354675293,2.347865104675293,2.252161979675293,2.096888542175293,1.966517448425293,1.909388542175293,2.061732292175293,2.345423698425293,2.486536979675293,2.480677604675293,2.370326042175293,2.369349479675293,2.360560417175293,2.315150260925293,2.186732292175293,2.076380729675293,2.074427604675293,2.134486198425293
0.25118541717529297,0.15401744842529297,0.13302135467529297,0.19796276092529297,0.24239635467529297,0.28097057342529297,0.28438854217529297,0.37325572967529297,0.47384166717529297,0.621790885925293,0.842005729675293,1.104212760925293,1.462122917175293,1.730189323425293,1.840052604675293,1.624232292175293,1.247767448425293,0.986536979675293,0.979212760925293,1.327357292175293,1.788294792175293,2.005579948425293,1.977747917175293,1.867396354675293,1.985560417175293,2.117884635925293,2.138392448425293,2.004115104675293,1.966029167175293,1.978236198425293,1.969447135925293,1.970911979675293,2.133509635925293,2.379603385925293,2.487025260925293,2.474818229675293,2.432826042175293,2.328822135925293,2.198939323425293,2.110560417175293,2.092494010925293,2.154505729675293,2.183802604675293,2.255579948425293
0.923548698425293,1.106165885925293,1.484095573425293,1.909388542175293,2.187220573425293,2.171595573425293,1.717005729675293,1.330775260925293,1.134486198425293,1.086146354675293,0.956751823425293,0.807826042175293,0.751673698425293,0.710169792175293,0.676478385925293,0.544642448425293,0.559290885925293,0.864466667175293,1.425990104675293,1.778529167175293,1.792201042175293,1.727259635925293,1.793665885925293,2.186244010925293,2.510462760925293,2.550990104675293,2.390345573425293,2.191615104675293,2.116908073425293,2.091029167175293,2.107142448425293,2.274134635925293,2.490443229675293,2.467494010925293,2.347865104675293,2.218958854675293,2.222865104675293,2.065150260925293,1.856165885925293,1.776087760925293,1.879115104675293,1.943079948425293,1.784876823425293,1.693568229675293
1.988490104675293,2.308802604675293,2.520716667175293,2.630579948425293,2.447474479675293,2.279994010925293,1.894251823425293,1.582240104675293,1.459193229675293,1.380579948425293,1.053919792175293,0.546595573425293,0.21309947967529297,0.11153697967529297,0.25509166717529297,0.574915885925293,1.099329948425293,1.688197135925293,2.075404167175293,2.043177604675293,1.777552604675293,1.683314323425293,1.853236198425293,2.230677604675293,2.507044792175293,2.541224479675293,2.513880729675293,2.395716667175293,2.187220573425293,2.014369010925293,2.022669792175293,2.164759635925293,2.308802604675293,2.090052604675293,1.848841667175293,1.725794792175293,1.796595573425293,1.748255729675293,1.662318229675293,1.551478385925293,1.575404167175293,1.496302604675293,1.400599479675293,1.341029167175293
2.700404167175293,2.570033073425293,1.943079948425293,1.275599479675293,0.823939323425293,0.699915885925293,0.678919792175293,0.733119010925293,0.791712760925293,0.864954948425293,0.768275260925293,0.589564323425293,0.555384635925293,0.614466667175293,0.830775260925293,1.248255729675293,1.619349479675293,1.840052604675293,1.908900260925293,1.817103385925293,1.780970573425293,1.888880729675293,2.008021354675293,2.111536979675293,2.217005729675293,2.251673698425293,2.233119010925293,2.148158073425293,2.005091667175293,1.950404167175293,1.967005729675293,1.937708854675293,1.831263542175293,1.671107292175293,1.604212760925293,1.622279167175293,1.650599479675293,1.633021354675293,1.631556510925293,1.574427604675293,1.445033073425293,1.197962760925293,1.112025260925293,1.130579948425293
2.146693229675293,1.676966667175293,1.103724479675293,0.696009635925293,0.522181510925293,0.542689323425293,0.44405651092529297,0.35274791717529297,0.34591197967529297,0.47237682342529297,0.701380729675293,0.856165885925293,0.938197135925293,0.988490104675293,1.141810417175293,1.327357292175293,1.358119010925293,1.277552604675293,1.189173698425293,1.425013542175293,1.759974479675293,2.025599479675293,2.134486198425293,2.062708854675293,1.948451042175293,1.835169792175293,1.727259635925293,1.625697135925293,1.738490104675293,1.949915885925293,2.081263542175293,2.032435417175293,1.817591667175293,1.738001823425293,1.743372917175293,1.760951042175293,1.688685417175293,1.585658073425293,1.559290885925293,1.546107292175293,1.497279167175293,1.367396354675293,1.340052604675293,1.354701042175293
1.252650260925293,0.969447135925293,1.009974479675293,1.200892448425293,1.040247917175293,0.32735729217529297,-0.09402942657470703,-0.17313098907470703,0.09542369842529297,0.32100963592529297,0.40206432342529297,0.533411979675293,0.721888542175293,1.005091667175293,1.286341667175293,1.510462760925293,1.596400260925293,1.603236198425293,1.664271354675293,1.825892448425293,1.930872917175293,1.930384635925293,1.863978385925293,1.801478385925293,1.751673698425293,1.722865104675293,1.701869010925293,1.671595573425293,1.672572135925293,1.757533073425293,1.778040885925293,1.685755729675293,1.493372917175293,1.382533073425293,1.375697135925293,1.420130729675293,1.521204948425293,1.594447135925293,1.626673698425293,1.721888542175293,1.881556510925293,2.160853385925293,2.413783073425293,2.532435417175293
0.915247917175293,0.785853385925293,1.140345573425293,1.421595573425293,0.997279167175293,-0.05447864532470703,-0.509068489074707,-0.35672473907470703,0.04757213592529297,0.12130260467529297,0.14327526092529297,0.45040416717529297,1.051478385925293,1.499720573425293,1.435755729675293,1.291224479675293,1.143275260925293,1.232630729675293,1.529505729675293,1.710169792175293,1.752650260925293,1.795130729675293,1.972865104675293,2.029505729675293,1.972865104675293,1.826869010925293,1.739466667175293,1.882044792175293,1.993372917175293,2.013880729675293,1.958704948425293,1.855677604675293,1.783411979675293,1.755579948425293,1.807826042175293,1.864466667175293,1.882044792175293,1.827357292175293,1.832728385925293,1.936732292175293,2.152552604675293,2.484583854675293,2.674525260925293,2.759974479675293
0.26974010467529297,0.37862682342529297,0.553431510925293,0.49825572967529297,0.28975963592529297,0.05196666717529297,0.33565807342529297,0.668665885925293,0.874720573425293,0.849818229675293,1.027552604675293,1.547572135925293,2.078822135925293,2.310267448425293,1.846400260925293,1.376185417175293,1.189661979675293,1.263880729675293,1.472376823425293,1.664271354675293,1.863490104675293,2.148158073425293,2.457728385925293,2.467494010925293,2.121302604675293,1.763880729675293,1.568568229675293,1.723841667175293,1.986048698425293,2.045130729675293,2.000208854675293,1.980677604675293,2.040736198425293,2.087611198425293,2.088099479675293,2.043665885925293,1.953333854675293,1.867884635925293,1.905970573425293,2.013880729675293,2.196009635925293,2.343470573425293,2.386927604675293,2.395228385925293
0.08126354217529297,0.39229869842529297,0.29464244842529297,-0.08572864532470703,0.23897838592529297,0.962611198425293,1.488490104675293,1.632044792175293,1.507533073425293,1.648158073425293,1.876185417175293,2.079310417175293,2.204310417175293,2.193079948425293,2.056361198425293,2.030970573425293,2.055384635925293,2.059779167175293,1.923060417175293,1.810267448425293,1.826869010925293,1.932826042175293,2.030970573425293,1.981654167175293,1.850306510925293,1.752650260925293,1.726771354675293,1.814661979675293,1.799036979675293,1.671595573425293,1.550013542175293,1.531458854675293,1.596888542175293,1.616419792175293,1.648158073425293,1.696009635925293,1.721400260925293,1.724329948425293,1.811732292175293,1.912318229675293,1.999232292175293,2.037318229675293,2.196009635925293,2.334193229675293
0.537318229675293,0.744349479675293,0.623255729675293,0.37911510467529297,0.760951042175293,1.251185417175293,1.496302604675293,1.373255729675293,1.305872917175293,1.455286979675293,1.510951042175293,1.460169792175293,1.383997917175293,1.479212760925293,1.589076042175293,1.663783073425293,1.656947135925293,1.548060417175293,1.362513542175293,1.278040885925293,1.289759635925293,1.347865104675293,1.358119010925293,1.353724479675293,1.362513542175293,1.381556510925293,1.404505729675293,1.472865104675293,1.504603385925293,1.495814323425293,1.504115104675293,1.581263542175293,1.666224479675293,1.706751823425293,1.760951042175293,1.811244010925293,1.785853385925293,1.711634635925293,1.748744010925293,1.804408073425293,1.852259635925293,1.948939323425293,2.284388542175293,2.523158073425293
1.138880729675293,1.138880729675293,1.083704948425293,0.996790885925293,0.949427604675293,0.871302604675293,0.725306510925293,0.843470573425293,1.116419792175293,1.266322135925293,1.224329948425293,1.091517448425293,1.032435417175293,1.087122917175293,1.092005729675293,1.043177604675293,1.002161979675293,1.014369010925293,0.965052604675293,0.904505729675293,0.842494010925293,0.796107292175293,0.832728385925293,0.896204948425293,0.941615104675293,0.961146354675293,0.982142448425293,1.035365104675293,1.129115104675293,1.224818229675293,1.342005729675293,1.500208854675293,1.628138542175293,1.672572135925293,1.696497917175293,1.717005729675293,1.767298698425293,1.803431510925293,1.864954948425293,1.953333854675293,2.027552604675293,2.111536979675293,2.290736198425293,2.450404167175293
1.025111198425293,1.046595573425293,1.156947135925293,1.205775260925293,1.073451042175293,0.944056510925293,0.962611198425293,1.157923698425293,1.310755729675293,1.250697135925293,1.087611198425293,0.989466667175293,0.879603385925293,0.729701042175293,0.598353385925293,0.552943229675293,0.595911979675293,0.660853385925293,0.628138542175293,0.518275260925293,0.43917369842529297,0.43184947967529297,0.47823619842529297,0.545619010925293,0.641810417175293,0.811732292175293,1.029017448425293,1.143763542175293,1.210658073425293,1.276576042175293,1.370814323425293,1.471400260925293,1.570033073425293,1.615443229675293,1.699915885925293,1.826380729675293,1.975794792175293,1.982630729675293,1.932337760925293,1.933802604675293,1.958216667175293,2.040247917175293,2.206751823425293,2.471888542175293
