DATA/wind1000hPa_forecast.json
{"header": {"parameterCategory": 2, "parameterNumber": 2, "lo1": 5.498000144958496, "la1": 51.819000244140625, "dx": 0.559999942779541, "dy": 0.3600006103515625, "nx": 30, "ny": 25, "refTime": "2024-04-03T04:00:00.000000000"}, "data":
[rows 0 to 24 of 25, columns 0 to 29 of 30]
0.6110935211181641,0.5170669555664062,0.4781608581542969,0.5321979522705078,1.0563678741455078,2.3684120178222656,2.6969642639160156,0.8218421936035156,0.6889095306396484,2.321939468383789,3.118459701538086,2.3295040130615234,2.547819137573242,4.235967636108398,4.321348190307617,3.5010499954223633,3.985231399536133,5.564223289489746,5.189199447631836,2.6569747924804688,5.564223289489746,6.486112594604492,6.462335586547852,6.821148872375488,6.767110824584961,4.439150810241699,7.258856773376465,6.181338310241699,5.806313514709473,6.063534736633301
0.0091094970703125,-0.5064125061035156,-0.6242160797119141,-0.20163917541503906,0.9861183166503906,1.3211536407470703,2.281951904296875,1.2282085418701172,1.8528881072998047,2.3921890258789062,1.5945873260498047,3.3843278884887695,3.188709259033203,3.7982587814331055,4.540741920471191,4.313782691955566,3.7593517303466797,3.447011947631836,5.102738380432129,3.6804561614990234,5.446420669555664,3.220052719116211,3.6577606201171875,3.883639335632324,3.2665252685546875,4.610991477966309,4.306217193603516,5.939247131347656,6.141349792480469,5.899259567260742
-0.29566383361816406,-1.2802391052246094,-1.1235275268554688,-0.9678974151611328,0.602447509765625,1.3060245513916016,0.48572540283203125,1.1968669891357422,0.9385643005371094,3.524827003479004,2.189004898071289,1.9155731201171875,2.540252685546875,2.211702346801758,4.836871147155762,3.0168685913085938,4.103034019470215,5.954378128051758,6.196468353271484,7.42313289642334,5.00114631652832,5.5404462814331055,4.930896759033203,4.649899482727051,4.321348190307617,6.9227399826049805,4.306217193603516,4.665029525756836,3.8371667861938477,5.376171112060547
0.32144927978515625,0.8758811950683594,-0.1865081787109375,-1.3429222106933594,-0.5139789581298828,0.5559749603271484,0.4392528533935547,1.3914031982421875,1.6183643341064453,-0.06870460510253906,1.7750740051269531,1.4616527557373047,2.2668209075927734,3.6577606201171875,4.13437557220459,3.907416343688965,1.8917961120605469,1.9858226776123047,1.282247543334961,2.7120933532714844,4.384032249450684,4.516965866088867,5.415078163146973,3.5323915481567383,3.9311933517456055,3.352985382080078,3.993877410888672,5.219460487365723,3.1735782623291016,5.259449005126953
0.07935905456542969,-0.4750709533691406,0.3452262878417969,-0.2880992889404297,-0.9127788543701172,-0.17029571533203125,0.6413555145263672,0.8218421936035156,2.056072235107422,-1.029500961303711,0.2663307189941406,1.766427993774414,1.6107978820800781,2.540252685546875,1.9782581329345703,3.6804561614990234,1.7199554443359375,2.0485057830810547,1.0714988708496094,0.7429466247558594,2.8839359283447266,4.399162292480469,3.93875789642334,2.5164756774902344,3.6891021728515625,2.579160690307617,5.00114631652832,4.470492362976074,5.008711814880371,4.2510986328125
0.5484104156494141,0.032886505126953125,-0.5615310668945312,-0.3810443878173828,-0.014667510986328125,-1.3342761993408203,-0.10004615783691406,0.3063201904296875,0.5321979522705078,1.180654525756836,0.8445377349853516,-0.5453205108642578,2.2668209075927734,3.4070234298706055,1.4540882110595703,2.0798492431640625,2.602937698364258,3.3292083740234375,3.852297782897949,2.1652297973632812,2.900146484375,3.8447322845458984,3.2438278198242188,2.3608474731445312,3.0406455993652344,6.251587867736816,5.172987937927246,4.681241035461426,3.711798667907715,4.915766716003418
-0.0535736083984375,0.15717506408691406,0.8142776489257812,0.9774723052978516,0.2360706329345703,0.2749767303466797,0.07179450988769531,-0.03736305236816406,1.1730899810791016,0.35279273986816406,-0.7647151947021484,1.4076156616210938,0.539764404296875,0.9699077606201172,1.5632457733154297,2.2592544555664062,2.4624385833740234,4.040349960327148,3.0946826934814453,3.829601287841797,1.8680191040039062,-1.0532779693603516,1.6497058868408203,3.220052719116211,2.4624385833740234,3.157367706298828,2.157663345336914,1.9858226776123047,3.4156694412231445,3.8760738372802734
0.6500015258789062,0.8683147430419922,2.414884567260742,0.4079113006591797,-0.20920372009277344,-0.7560691833496094,-1.2175540924072266,0.001544952392578125,-0.5377559661865234,0.29767417907714844,0.1344776153564453,0.6813430786132812,0.5484104156494141,0.1420440673828125,2.7585678100585938,1.6183643341064453,0.12583160400390625,1.673482894897461,3.1735782623291016,2.4624385833740234,0.6575660705566406,3.665325164794922,0.4468193054199219,2.344635009765625,1.8453235626220703,1.509206771850586,3.5010499954223633,2.922842025756836,1.8291130065917969,0.10313606262207031
1.4616527557373047,-0.09248161315917969,0.735382080078125,1.9231376647949219,0.3376617431640625,0.41547584533691406,-0.45993995666503906,-0.811187744140625,-0.45993995666503906,-1.3504867553710938,0.7126865386962891,-0.4123859405517578,-1.7644195556640625,-1.2326850891113281,-0.5928745269775391,1.0790634155273438,1.3211536407470703,1.6497058868408203,2.665620803833008,1.6345748901367188,3.2276172637939453,1.1104049682617188,2.8763694763183594,1.180654525756836,0.8683147430419922,4.197060585021973,3.3367748260498047,2.798555374145508,-0.1551647186279297,-0.5139789581298828
0.07935905456542969,0.09449005126953125,0.9147872924804688,1.5167713165283203,0.6262245178222656,0.7667236328125,-0.4210338592529297,-0.5139789581298828,0.9547767639160156,0.3992652893066406,0.7202510833740234,-0.2567577362060547,0.8920917510986328,0.8607501983642578,-0.5453205108642578,0.4306068420410156,0.5170669555664062,2.8212509155273438,2.477569580078125,1.5718917846679688,2.5867252349853516,1.962045669555664,-0.08491706848144531,1.9155731201171875,3.126026153564453,2.6969642639160156,1.0088138580322266,0.25876617431640625,1.0401573181152344,3.6501951217651367
-0.40482139587402344,0.45438385009765625,0.7202510833740234,2.414884567260742,-0.27188873291015625,0.8920917510986328,0.04801750183105469,0.602447509765625,0.1107025146484375,0.001544952392578125,0.19608116149902344,0.29767417907714844,0.9547767639160156,0.09449005126953125,0.2825431823730469,-0.10761260986328125,-0.3896903991699219,0.6337909698486328,1.3838386535644531,2.0009536743164062,1.4313926696777344,-0.19407272338867188,3.3843278884887695,2.0085182189941406,0.06422805786132812,0.9861183166503906,1.1655254364013672,1.9858226776123047,2.5089111328125,2.9466190338134766
0.8607501983642578,0.0091094970703125,0.48572540283203125,0.6500015258789062,-1.029500961303711,0.1420440673828125,0.04045295715332031,-0.0222320556640625,-0.27188873291015625,0.1809520721435547,-0.03736305236816406,0.5635414123535156,-0.2178497314453125,1.0714988708496094,-1.4045257568359375,1.0477218627929688,0.41547584533691406,0.7905006408691406,1.149312973022461,0.6813430786132812,2.2981624603271484,1.9080085754394531,2.9466190338134766,2.6807518005371094,2.5640296936035156,1.8680191040039062,2.602937698364258,1.2282085418701172,4.470492362976074,3.595076560974121
1.149312973022461,1.1417484283447266,0.18851661682128906,-0.19407272338867188,-0.7020301818847656,-0.17029571533203125,0.32901573181152344,0.7742881774902344,-1.139739990234375,-0.678253173828125,-0.3583488464355469,0.6500015258789062,-0.2567577362060547,-0.45993995666503906,1.4313926696777344,1.2282085418701172,-0.2567577362060547,0.7905006408691406,1.4076156616210938,1.3524971008300781,1.7437324523925781,1.2044315338134766,2.767213821411133,1.09527587890625,0.9699077606201172,1.7750740051269531,3.790694236755371,4.243533134460449,3.6577606201171875,1.5016422271728516
1.3611431121826172,1.540548324584961,0.5008563995361328,1.8064155578613281,0.1344776153564453,0.5246334075927734,0.45438385009765625,0.49329185485839844,-0.7647151947021484,0.9547767639160156,2.3921890258789062,4.298651695251465,0.19608116149902344,0.29767417907714844,-1.0532779693603516,-0.5377559661865234,-0.09248161315917969,1.735086441040039,0.1809520721435547,0.539764404296875,1.2044315338134766,-0.08491706848144531,1.2671165466308594,2.665620803833008,4.493188858032227,1.3060245513916016,4.141941070556641,3.6501951217651367,3.251394271850586,1.4465217590332031
1.5870208740234375,1.9544811248779297,0.12583160400390625,-0.17029571533203125,-0.8500957489013672,0.9147872924804688,-1.9676017761230469,-0.2491912841796875,-0.6706886291503906,-0.2567577362060547,-0.11625862121582031,0.1733856201171875,-1.1862125396728516,0.2122936248779297,0.14960861206054688,0.602447509765625,-0.5377559661865234,2.353281021118164,0.1809520721435547,0.5948829650878906,0.899658203125,-0.678253173828125,0.5484104156494141,1.673482894897461,3.0319995880126953,3.548603057861328,4.836871147155762,4.125729560852051,2.602937698364258,-0.12382316589355469
1.1028404235839844,1.9696102142333984,-0.6393470764160156,1.1730899810791016,0.6337909698486328,-1.3342761993408203,-0.24054527282714844,1.4854297637939453,-1.4445133209228516,-0.5139789581298828,0.016675949096679688,0.6813430786132812,0.798065185546875,0.8294086456298828,-0.7171611785888672,-0.49884796142578125,1.2984580993652344,0.6110935211181641,1.2044315338134766,1.09527587890625,0.1107025146484375,0.3765697479248047,0.8845272064208984,1.4854297637939453,2.290597915649414,0.49329185485839844,4.657464027404785,3.188709259033203,1.8842315673828125,1.5329837799072266
0.2436351776123047,0.001544952392578125,-0.2880992889404297,0.18851661682128906,2.4851341247558594,-1.2726726531982422,-0.7333736419677734,-0.8273983001708984,0.4306068420410156,0.6500015258789062,1.0325908660888672,-0.8273983001708984,-1.193777084350586,-1.4596443176269531,-4.467403411865234,-0.23298072814941406,0.2360706329345703,1.157958984375,0.8218421936035156,1.4389572143554688,-0.1789417266845703,-0.5139789581298828,-0.7560691833496094,2.0485057830810547,2.5013465881347656,2.3370704650878906,4.923332214355469,3.4772729873657227,0.35279273986816406,-0.7095966339111328
-0.9279098510742188,0.49329185485839844,-0.9754638671875,0.8683147430419922,-1.5612354278564453,-0.40482139587402344,-0.1476001739501953,0.0091094970703125,-0.2880992889404297,0.05558204650878906,1.5945873260498047,-2.0302867889404297,-5.498449325561523,-3.0613327026367188,-0.584228515625,-1.162435531616211,-0.6317806243896484,2.5164756774902344,0.32901573181152344,0.6500015258789062,1.3211536407470703,0.4079113006591797,-0.8349647521972656,2.281951904296875,3.93875789642334,2.6267147064208984,4.9622392654418945,4.086822509765625,1.9544811248779297,-0.3194408416748047
-0.3810443878173828,0.5484104156494141,1.157958984375,0.16582107543945312,-0.49884796142578125,-1.6866035461425781,-1.3029346466064453,0.4781608581542969,-3.717355728149414,-4.498744964599609,-4.178840637207031,-1.4045257568359375,-0.4123859405517578,0.8845272064208984,0.2122936248779297,-0.8576602935791016,-1.9211292266845703,3.0093040466308594,0.024240493774414062,0.29767417907714844,-0.20163917541503906,-0.0535736083984375,0.3679237365722656,2.5867252349853516,3.447011947631836,5.095172882080078,2.281951904296875,2.9466190338134766,0.70404052734375,0.6651325225830078
-1.2640266418457031,1.8064155578613281,0.9547767639160156,-0.07735061645507812,-0.7960567474365234,-0.9279098510742188,-1.9286956787109375,1.7902050018310547,-1.9913787841796875,4.938462257385254,2.3295040130615234,3.829601287841797,3.3292083740234375,2.9466190338134766,1.8139820098876953,-1.1473045349121094,-0.7409381866455078,2.157663345336914,1.3838386535644531,0.4306068420410156,-0.43616294860839844,-0.43616294860839844,0.8758811950683594,1.6183643341064453,1.1104049682617188,3.103330612182617,1.8680191040039062,2.868804931640625,-0.19407272338867188,-0.45993995666503906
-2.006509780883789,-0.13895416259765625,0.25876617431640625,1.3838386535644531,2.0085182189941406,-0.49884796142578125,-1.7406425476074219,0.9385643005371094,1.5718917846679688,-0.3507843017578125,-2.7414283752441406,4.563438415527344,3.93875789642334,4.227321624755859,3.508615493774414,3.188709259033203,-0.7095966339111328,-0.8890018463134766,0.22742462158203125,0.6110935211181641,-1.2175540924072266,1.5481147766113281,-0.7409381866455078,-1.585012435913086,0.6651325225830078,1.4702987670898438,4.82174015045166,0.8369731903076172,0.6575660705566406,0.9774723052978516
-1.4985523223876953,-2.154573440551758,-0.8738727569580078,1.5243377685546875,1.9858226776123047,0.1733856201171875,1.7123889923095703,0.35279273986816406,-0.49128150939941406,1.4465217590332031,0.9072227478027344,3.4156694412231445,5.399947166442871,4.485623359680176,5.603130340576172,3.6577606201171875,2.5251216888427734,-0.9592514038085938,-0.8976478576660156,-0.3583488464355469,0.2749767303466797,0.3452262878417969,1.6497058868408203,1.126617431640625,0.9461307525634766,0.6337909698486328,1.6032333374023438,2.602937698364258,0.539764404296875,1.6107978820800781
-2.52203369140625,-0.8663063049316406,0.7126865386962891,0.4079113006591797,1.0250263214111328,7.938655853271484,7.016766548156738,6.556362152099609,2.110109329223633,-1.4445133209228516,-0.7020301818847656,2.3921890258789062,1.6648368835449219,4.618556976318359,3.0795536041259766,4.118165016174316,3.103330612182617,2.7899093627929688,-2.1081008911132812,-3.0451221466064453,0.2663307189941406,0.2749767303466797,1.2671165466308594,-0.9127788543701172,-0.10004615783691406,1.8917961120605469,1.282247543334961,2.2041358947753906,0.6964740753173828,2.806119918823242
-1.1548690795898438,-1.8346691131591797,-0.4750709533691406,5.891694068908691,7.251291275024414,6.516373634338379,7.493382453918457,7.766815185546875,7.368014335632324,0.1107025146484375,-1.2802391052246094,-1.2175540924072266,-0.7960567474365234,2.220348358154297,2.9779605865478516,3.6891021728515625,-0.584228515625,-0.7095966339111328,-3.2180423736572266,-2.1470088958740234,0.6813430786132812,-1.162435531616211,-0.49128150939941406,1.180654525756836,-0.8036231994628906,0.6651325225830078,1.8528881072998047,0.016675949096679688,1.157958984375,-2.616058349609375
-4.803520202636719,-0.1476001739501953,-0.06114006042480469,4.384032249450684,5.102738380432129,4.454281806945801,7.391790390014648,2.767213821411133,-0.7409381866455078,-2.748992919921875,0.4392528533935547,-0.77984619140625,-0.45993995666503906,-1.2099895477294922,2.31329345703125,-0.49128150939941406,-2.0529823303222656,-3.1867008209228516,-4.733270645141602,-3.7876052856445312,-3.912973403930664,-0.5928745269775391,-1.2413311004638672,0.08692550659179688,-0.1865081787109375,0.3679237365722656,2.3370704650878906,0.6262245178222656,1.4389572143554688,-0.6004390716552734
